#! FIELDS time rmsd d03 d04 d05 d06 d07 d08 d09 d14 d15 d16 d17 d18 d19 d25 d26 d27 d28 d29 d36 d37 d38 d39 d47 d48 d49 d58 d59 d69
 0.000000 0.062310 1.108384 1.306530 1.221586 1.100975 0.818680 0.596600 0.403562 0.922412 0.893337 0.782309 0.583985 0.556390 0.603312 0.543296 0.504532 0.430396 0.620261 0.792561 0.423218 0.602821 0.896931 1.148639 0.734681 1.056047 1.288850 0.856089 1.109585 1.006301
 1.000000 0.065245 1.081254 1.266116 1.173820 1.059307 0.777013 0.564939 0.404319 0.885000 0.856350 0.746412 0.563564 0.547283 0.621954 0.536880 0.499920 0.457907 0.638914 0.811132 0.452764 0.653916 0.924985 1.175256 0.750132 1.057816 1.292912 0.850153 1.094438 1.004096
 2.000000 0.074410 1.038416 1.253964 1.163912 1.027877 0.774615 0.587220 0.391733 0.901778 0.876524 0.743751 0.599894 0.607053 0.623780 0.558445 0.514081 0.473335 0.672036 0.782304 0.432417 0.638485 0.929886 1.131543 0.744844 1.083508 1.285613 0.872339 1.098454 0.978022
 3.000000 0.074204 1.019486 1.209447 1.133767 1.021960 0.744589 0.527493 0.373998 0.884257 0.880789 0.754530 0.580613 0.551766 0.593396 0.544752 0.491911 0.437235 0.620044 0.727854 0.435958 0.625633 0.899092 1.084603 0.716373 1.038754 1.199199 0.854463 1.024882 0.948098
 4.000000 0.085510 1.034632 1.225122 1.152754 1.052106 0.804743 0.577596 0.402120 0.882589 0.861563 0.753458 0.593292 0.530904 0.592503 0.519145 0.497478 0.442883 0.590092 0.757470 0.473939 0.646269 0.889582 1.124319 0.723793 1.014460 1.235830 0.808889 1.060738 0.991406
 5.000000 0.085758 1.013544 1.205324 1.137395 0.999231 0.728880 0.505376 0.389355 0.872304 0.863732 0.703687 0.527600 0.514064 0.607160 0.551962 0.483038 0.426209 0.598431 0.734830 0.428842 0.617130 0.901716 1.109045 0.709659 1.021706 1.212799 0.833416 1.051381 0.977037
 6.000000 0.088922 1.033011 1.203352 1.130272 0.995089 0.757630 0.533396 0.400196 0.869327 0.854540 0.705724 0.575966 0.528346 0.600895 0.537626 0.478602 0.453160 0.609595 0.728140 0.479336 0.677820 0.922845 1.107511 0.727783 1.028297 1.187574 0.828374 1.015336 0.927639
 7.000000 0.093910 1.015643 1.185503 1.098897 0.983050 0.730968 0.536422 0.398308 0.855432 0.826252 0.686300 0.541754 0.529158 0.622585 0.513441 0.478445 0.456110 0.647842 0.787070 0.484227 0.675272 0.937949 1.141892 0.738127 1.053297 1.236642 0.848452 1.045402 0.943629
 8.000000 0.092002 1.022355 1.174412 1.113858 1.014645 0.738086 0.549215 0.406392 0.862503 0.850181 0.715589 0.525568 0.517378 0.606834 0.525616 0.473419 0.416668 0.613567 0.767096 0.424700 0.620013 0.909668 1.129924 0.718973 1.031475 1.220658 0.842636 1.051292 0.973032
 9.000000 0.084176 1.089251 1.279785 1.217579 1.053936 0.795719 0.558622 0.407227 0.891895 0.880460 0.729377 0.562613 0.528508 0.578332 0.550346 0.480448 0.442205 0.630596 0.762347 0.457057 0.646837 0.925186 1.123466 0.748157 1.068798 1.238142 0.883216 1.080767 0.957626
 10.000000 0.098775 1.034383 1.219849 1.084494 0.994147 0.716142 0.509467 0.380314 0.898337 0.821112 0.708739 0.544401 0.539625 0.612212 0.509388 0.504287 0.475307 0.655794 0.752477 0.471678 0.680763 0.956026 1.123323 0.773275 1.083085 1.224172 0.845524 1.004825 0.947962
 11.000000 0.096129 1.014105 1.209051 1.142570 1.017990 0.768476 0.555347 0.401307 0.857833 0.840878 0.712754 0.565550 0.536822 0.603742 0.525767 0.509326 0.465488 0.616786 0.739366 0.454084 0.646184 0.899512 1.104242 0.754175 1.043623 1.229149 0.845231 1.062962 0.968105
 12.000000 0.088358 0.994513 1.226983 1.140836 1.017895 0.765868 0.550689 0.414365 0.896178 0.860720 0.718669 0.567530 0.532698 0.614291 0.539048 0.494233 0.421920 0.576354 0.710381 0.409248 0.598940 0.865336 1.076794 0.738542 1.045636 1.236981 0.832403 1.050993 0.970737
 13.000000 0.085150 1.020104 1.234413 1.176118 1.016766 0.786972 0.571713 0.390467 0.850563 0.852047 0.719034 0.596490 0.572899 0.595504 0.545787 0.511708 0.498253 0.645960 0.755510 0.486009 0.675730 0.916443 1.107515 0.763534 1.051103 1.244564 0.852095 1.088224 0.965723
 14.000000 0.078723 1.032891 1.224846 1.148258 1.011788 0.783358 0.579147 0.402651 0.870148 0.846037 0.707479 0.583679 0.562409 0.614569 0.525825 0.502209 0.502149 0.676516 0.798356 0.479608 0.680616 0.938142 1.140622 0.750260 1.060846 1.256453 0.868090 1.083214 0.956680
 15.000000 0.091358 1.055097 1.260174 1.186162 1.031928 0.767219 0.580948 0.399677 0.876680 0.864970 0.728016 0.566705 0.594907 0.644070 0.550809 0.498228 0.460579 0.687115 0.843268 0.452206 0.649069 0.941528 1.175599 0.731245 1.076598 1.316694 0.879375 1.143475 0.993842
 16.000000 0.094288 1.038080 1.268170 1.208063 1.032617 0.771614 0.568235 0.400035 0.870828 0.862709 0.723839 0.567057 0.564794 0.621974 0.548329 0.500627 0.469801 0.660208 0.817308 0.462670 0.662374 0.911733 1.150620 0.769960 1.078923 1.320882 0.898027 1.159478 0.980781
 17.000000 0.106811 1.072523 1.303801 1.286912 1.089004 0.856710 0.611779 0.425033 0.887019 0.904250 0.749515 0.580442 0.519370 0.569491 0.564583 0.481228 0.414089 0.582423 0.777714 0.440660 0.621460 0.857961 1.123214 0.730083 1.037110 1.300224 0.884130 1.173698 0.978169
 18.000000 0.098597 1.073221 1.281372 1.240671 1.082281 0.815443 0.597319 0.397215 0.897139 0.910425 0.766671 0.581903 0.551923 0.599669 0.579182 0.501612 0.434496 0.616997 0.800745 0.440360 0.614501 0.888492 1.148695 0.709784 1.033565 1.295954 0.876166 1.155300 1.004523
 19.000000 0.087130 1.063011 1.272842 1.195847 1.088382 0.807843 0.600756 0.408896 0.881297 0.854184 0.758228 0.561020 0.551212 0.606064 0.528679 0.522626 0.438291 0.635192 0.803211 0.433502 0.606962 0.891570 1.145845 0.702901 1.033334 1.287616 0.839077 1.113651 1.020417
 20.000000 0.098427 1.102033 1.296633 1.182976 1.014651 0.773108 0.558340 0.409414 0.906095 0.846235 0.698015 0.561585 0.563776 0.611513 0.509048 0.451784 0.463834 0.683223 0.825617 0.445926 0.678807 0.969769 1.180837 0.774085 1.106812 1.297621 0.873395 1.093457 0.963337
 21.000000 0.093719 1.051078 1.262396 1.169499 1.013031 0.767962 0.538098 0.404020 0.877554 0.843698 0.709589 0.569514 0.551913 0.587551 0.526168 0.468586 0.473386 0.668952 0.785912 0.453973 0.669383 0.935424 1.124420 0.764367 1.088270 1.253410 0.877229 1.058283 0.943263
 22.000000 0.089575 1.050310 1.266691 1.202466 1.052982 0.814602 0.606041 0.420027 0.874353 0.855888 0.744781 0.592301 0.572068 0.598193 0.526926 0.488382 0.468314 0.647606 0.812245 0.458078 0.649093 0.913408 1.147296 0.737784 1.046743 1.288267 0.852452 1.119545 0.988519
 23.000000 0.089849 1.097913 1.296709 1.188023 1.054339 0.812207 0.581726 0.405300 0.896082 0.829041 0.746797 0.584214 0.561621 0.566163 0.522907 0.505853 0.501937 0.694000 0.826017 0.482202 0.685273 0.960277 1.162563 0.777792 1.105406 1.296836 0.873801 1.088709 0.959833
 24.000000 0.083915 1.073431 1.255435 1.188702 1.038435 0.764979 0.557954 0.416269 0.881184 0.873776 0.727134 0.547642 0.549339 0.649001 0.549814 0.476417 0.418482 0.627875 0.830555 0.451168 0.637855 0.929289 1.195666 0.722247 1.049973 1.303186 0.853491 1.132531 1.012764
 25.000000 0.109402 1.066318 1.288374 1.230146 1.096642 0.825138 0.601410 0.410662 0.913085 0.913060 0.794919 0.609872 0.567222 0.628726 0.563076 0.512289 0.440186 0.612608 0.807996 0.424447 0.590239 0.861996 1.139865 0.737193 1.054384 1.318056 0.875561 1.157599 1.014593
 26.000000 0.096833 1.064276 1.263217 1.178158 1.060812 0.783773 0.564869 0.398624 0.879839 0.846930 0.750939 0.568555 0.546799 0.621097 0.514888 0.492926 0.445065 0.637549 0.830750 0.431746 0.634534 0.906923 1.174198 0.755548 1.072762 1.324778 0.871153 1.139997 1.024537
 27.000000 0.092227 1.085167 1.294826 1.209448 1.063531 0.795169 0.552569 0.402247 0.899924 0.872935 0.766935 0.586274 0.537052 0.599150 0.535391 0.494730 0.434231 0.602365 0.785662 0.436148 0.627446 0.870835 1.131886 0.723541 1.030484 1.272425 0.846123 1.094327 0.968071
 28.000000 0.097297 1.065170 1.227889 1.158834 1.058154 0.782901 0.606444 0.411675 0.875157 0.873680 0.772806 0.599229 0.602943 0.641972 0.537837 0.496122 0.452057 0.650561 0.813754 0.423634 0.621945 0.901595 1.149183 0.714961 1.035137 1.268461 0.854458 1.101164 0.982141
 29.000000 0.105230 1.050012 1.228879 1.151357 1.056370 0.782543 0.583130 0.411681 0.875180 0.861482 0.758188 0.583473 0.566628 0.631474 0.527671 0.478287 0.458406 0.657446 0.837509 0.439654 0.638523 0.908842 1.160066 0.709306 1.035110 1.274687 0.860327 1.099071 1.000495
 30.000000 0.118461 1.030771 1.226897 1.143954 1.069777 0.778065 0.580559 0.400816 0.882611 0.873123 0.799045 0.599886 0.581244 0.635975 0.538536 0.526366 0.440852 0.631558 0.815774 0.445744 0.603837 0.877706 1.136337 0.712198 1.038534 1.294874 0.841798 1.109551 1.008285
 31.000000 0.103387 1.066412 1.258059 1.195130 1.093477 0.820875 0.619645 0.401148 0.879601 0.861819 0.769758 0.579262 0.559586 0.603069 0.523459 0.492139 0.436581 0.631190 0.828035 0.417090 0.602225 0.886205 1.155445 0.729512 1.051082 1.319595 0.872439 1.164221 1.029796
 32.000000 0.096915 1.058062 1.265223 1.146352 1.068549 0.833011 0.625973 0.423630 0.885105 0.833751 0.770729 0.640424 0.613677 0.641116 0.512506 0.528841 0.509049 0.677620 0.821185 0.425085 0.628580 0.882561 1.125816 0.725262 1.043977 1.280924 0.826688 1.065942 0.971116
 33.000000 0.093789 1.015397 1.248442 1.148777 1.080222 0.767024 0.543024 0.401818 0.866291 0.844320 0.788736 0.565314 0.546322 0.643262 0.531418 0.566347 0.448598 0.626137 0.788806 0.455712 0.570570 0.841214 1.099010 0.721350 1.040883 1.276170 0.843212 1.069560 1.000387
 34.000000 0.088518 1.002015 1.214606 1.132791 1.030627 0.755938 0.562576 0.407270 0.875127 0.848949 0.738370 0.551097 0.546950 0.616230 0.524792 0.503757 0.437557 0.623941 0.776147 0.444047 0.612163 0.896155 1.123870 0.733735 1.051631 1.272070 0.850718 1.085334 0.993961
 35.000000 0.095379 1.016478 1.222749 1.165823 1.052053 0.792148 0.590213 0.407405 0.861724 0.870009 0.755834 0.596877 0.588054 0.629334 0.541499 0.508093 0.454483 0.634806 0.766238 0.392942 0.580247 0.865849 1.093765 0.721082 1.044929 1.254404 0.873666 1.094400 0.981058
 36.000000 0.100424 1.056767 1.268320 1.146636 1.052549 0.770368 0.586681 0.412520 0.907411 0.856349 0.756857 0.578371 0.589065 0.666222 0.533604 0.492961 0.444576 0.646661 0.834486 0.420036 0.612149 0.897941 1.167455 0.726940 1.055286 1.317542 0.846730 1.106696 1.006751
 37.000000 0.091205 1.076073 1.261990 1.158026 1.057514 0.794071 0.578454 0.403426 0.878874 0.839419 0.759266 0.595419 0.567283 0.631213 0.506557 0.501284 0.470474 0.654282 0.833864 0.434816 0.629293 0.888100 1.148937 0.736921 1.050063 1.289851 0.840976 1.088258 0.973850
 38.000000 0.103612 1.099602 1.308006 1.213241 1.117031 0.801713 0.584222 0.414103 0.904243 0.862753 0.793871 0.558505 0.536867 0.606568 0.530258 0.535611 0.428614 0.616581 0.795204 0.445007 0.600383 0.878778 1.142757 0.739463 1.055572 1.301993 0.858374 1.109829 1.001253
 39.000000 0.087138 1.067676 1.277755 1.178449 1.038493 0.794442 0.570164 0.415650 0.916019 0.873450 0.746566 0.600278 0.554683 0.606582 0.530991 0.491947 0.454035 0.625724 0.765135 0.457282 0.647958 0.905662 1.120578 0.765038 1.077558 1.264210 0.858717 1.064451 0.936009
 40.000000 0.088780 1.019548 1.230201 1.161701 1.052295 0.786857 0.576957 0.396738 0.879140 0.866652 0.747006 0.575234 0.555293 0.625439 0.516878 0.488951 0.434881 0.609969 0.784763 0.438530 0.615814 0.890590 1.133244 0.742412 1.049074 1.287035 0.853578 1.117191 1.015263
 41.000000 0.093117 1.014858 1.219268 1.155511 1.046388 0.783115 0.567755 0.426990 0.880592 0.867835 0.749779 0.577053 0.543185 0.627385 0.526568 0.492561 0.415004 0.595155 0.762675 0.418170 0.593634 0.872506 1.115659 0.720996 1.040319 1.253756 0.844192 1.082571 0.999794
 42.000000 0.097091 1.025070 1.181442 1.106759 0.992972 0.749619 0.555608 0.382832 0.870727 0.849515 0.698174 0.556792 0.555803 0.600438 0.525682 0.456902 0.458236 0.655621 0.752368 0.441223 0.667954 0.959779 1.121086 0.736395 1.058545 1.198224 0.860846 1.027680 0.952552
 43.000000 0.106790 0.967559 1.186221 1.113560 0.976946 0.759337 0.576047 0.405222 0.837813 0.810285 0.658927 0.555167 0.554125 0.613356 0.502304 0.476370 0.461134 0.645367 0.737398 0.508422 0.700568 0.949070 1.104077 0.773730 1.084475 1.244228 0.877665 1.065224 0.940027
 44.000000 0.078628 1.039335 1.246795 1.186172 1.034620 0.805045 0.559577 0.394380 0.873389 0.865301 0.731769 0.606074 0.551282 0.613956 0.548174 0.495521 0.477038 0.618422 0.786989 0.487304 0.689826 0.930843 1.160465 0.750315 1.050473 1.288475 0.861970 1.134205 1.011417
 45.000000 0.080354 1.067136 1.251209 1.170876 1.032869 0.780606 0.565619 0.389475 0.868436 0.844296 0.712925 0.573170 0.574808 0.652269 0.532548 0.490280 0.481610 0.668434 0.840588 0.512906 0.716183 0.990164 1.220531 0.765610 1.085084 1.327230 0.879559 1.154163 1.022893
 46.000000 0.087471 1.057336 1.256679 1.192008 1.067779 0.788375 0.576470 0.394397 0.878325 0.868885 0.739976 0.546087 0.523227 0.575326 0.534803 0.476663 0.407226 0.592415 0.737311 0.416571 0.594547 0.871230 1.095258 0.724159 1.034362 1.231600 0.857792 1.066284 0.968243
 47.000000 0.096170 1.023618 1.241152 1.199813 1.062384 0.796386 0.579217 0.388510 0.889867 0.897684 0.762020 0.582954 0.558502 0.598846 0.548771 0.503170 0.421264 0.599901 0.747918 0.435602 0.599264 0.888123 1.108612 0.740057 1.058546 1.268928 0.873081 1.129403 1.014287
 48.000000 0.084800 1.015396 1.219082 1.183197 1.039485 0.787069 0.564100 0.407278 0.874138 0.881774 0.725688 0.563219 0.529093 0.604708 0.555207 0.497479 0.427550 0.598906 0.749146 0.437973 0.619884 0.899965 1.120439 0.718636 1.042092 1.256696 0.874015 1.118329 0.999861
 49.000000 0.098354 1.052090 1.259385 1.187674 1.054964 0.774791 0.584091 0.407386 0.859751 0.832215 0.718040 0.525514 0.535346 0.603652 0.512280 0.483112 0.407137 0.618681 0.787739 0.482405 0.649656 0.920511 1.154670 0.746180 1.065077 1.294840 0.862757 1.119783 0.993420
 50.000000 0.087735 1.037835 1.235959 1.177028 1.066391 0.784199 0.586900 0.430715 0.866473 0.857503 0.755584 0.555291 0.548675 0.622365 0.511213 0.493157 0.414033 0.607800 0.792456 0.473918 0.623612 0.901240 1.146080 0.722978 1.031030 1.268881 0.841928 1.102170 1.002772
 51.000000 0.083646 1.026980 1.228723 1.148218 1.024781 0.754675 0.552213 0.420319 0.887656 0.858767 0.720192 0.548667 0.500052 0.625664 0.533110 0.499135 0.422248 0.586748 0.764059 0.473352 0.643641 0.883023 1.135382 0.736430 1.034780 1.268118 0.846036 1.083157 0.961158
 52.000000 0.098180 1.014017 1.226208 1.129263 1.058317 0.749578 0.544222 0.396173 0.898806 0.872042 0.797242 0.566982 0.534039 0.606748 0.520394 0.518592 0.406703 0.597334 0.758959 0.405531 0.549326 0.828958 1.083899 0.702038 1.023364 1.246994 0.837554 1.046995 0.979941
 53.000000 0.088811 1.017676 1.234834 1.155013 1.041543 0.785648 0.550924 0.405585 0.861375 0.841508 0.746708 0.589147 0.543432 0.625215 0.516918 0.519471 0.459592 0.621880 0.781438 0.416190 0.594535 0.847072 1.102591 0.729726 1.037904 1.267027 0.846667 1.086509 0.977052
 54.000000 0.102886 1.068741 1.248173 1.153649 1.086626 0.796170 0.575793 0.413956 0.866780 0.835893 0.775969 0.569451 0.540806 0.629448 0.497602 0.512728 0.430310 0.617869 0.814609 0.417499 0.582680 0.863711 1.146395 0.715592 1.029755 1.281356 0.826199 1.079668 1.014434
 55.000000 0.113585 1.079595 1.239718 1.131308 1.071577 0.781522 0.591567 0.409012 0.853311 0.798268 0.758099 0.559669 0.572650 0.624817 0.512419 0.508426 0.485563 0.697124 0.878926 0.426254 0.620430 0.919436 1.180905 0.744135 1.065762 1.305089 0.858873 1.100165 1.016561
 56.000000 0.086718 1.057488 1.282641 1.209395 1.072068 0.794264 0.576780 0.397939 0.883647 0.855831 0.748821 0.555020 0.525919 0.585033 0.537191 0.498683 0.456654 0.634001 0.823128 0.435399 0.621478 0.876207 1.144827 0.741054 1.042707 1.303769 0.850187 1.130780 1.014917
 57.000000 0.092034 1.068764 1.240104 1.169168 1.083023 0.835032 0.604983 0.403486 0.880970 0.865765 0.772252 0.618776 0.555060 0.583042 0.522169 0.502957 0.453183 0.604246 0.740506 0.418199 0.613032 0.869134 1.092814 0.719595 1.019490 1.205880 0.813559 1.032205 0.968916
 58.000000 0.081892 1.058847 1.292206 1.192819 1.085021 0.843209 0.620373 0.425030 0.913394 0.869123 0.771768 0.630216 0.585357 0.593714 0.542924 0.527617 0.506768 0.645761 0.760992 0.435485 0.642602 0.899469 1.104158 0.764026 1.060392 1.264070 0.828292 1.063174 0.994854
 59.000000 0.085446 1.082010 1.306668 1.207370 1.088540 0.795587 0.573393 0.405695 0.902443 0.869566 0.777926 0.578496 0.572172 0.633881 0.554759 0.532987 0.466618 0.661227 0.837203 0.455766 0.627021 0.913531 1.169472 0.745358 1.072767 1.324037 0.848625 1.123261 1.028143
 60.000000 0.092340 1.081717 1.268970 1.182256 1.050367 0.798879 0.588934 0.422140 0.874219 0.836283 0.727885 0.569449 0.554278 0.600576 0.501447 0.488938 0.464451 0.659997 0.804091 0.438344 0.642638 0.913662 1.141546 0.748220 1.063118 1.268420 0.858031 1.080835 0.957903
 61.000000 0.088428 1.077313 1.262216 1.175702 1.052487 0.798324 0.575045 0.408891 0.874696 0.842082 0.745906 0.585152 0.551843 0.590793 0.518765 0.515452 0.488144 0.663644 0.793612 0.505779 0.687891 0.936598 1.148043 0.750974 1.059177 1.253294 0.858538 1.066367 0.955673
 62.000000 0.086107 1.037765 1.226586 1.130445 0.967703 0.758491 0.543209 0.400930 0.871659 0.836250 0.673047 0.585981 0.555433 0.645607 0.526184 0.484141 0.508677 0.674188 0.823753 0.477934 0.702121 0.948006 1.172693 0.773026 1.078575 1.294423 0.872011 1.100436 0.943187
 63.000000 0.107151 1.049866 1.252576 1.166584 1.080506 0.789834 0.576051 0.416514 0.898662 0.878123 0.788910 0.584690 0.546156 0.638865 0.539853 0.512913 0.437819 0.606103 0.812218 0.414452 0.581086 0.849375 1.139496 0.718131 1.024232 1.290832 0.838614 1.102765 1.013157
 64.000000 0.094425 1.063203 1.272221 1.207820 1.059808 0.775259 0.551300 0.384601 0.872236 0.862668 0.745687 0.553966 0.548316 0.597938 0.534018 0.495531 0.439384 0.641605 0.795345 0.445070 0.622188 0.909543 1.141052 0.755791 1.077411 1.286014 0.889434 1.128324 1.004347
 65.000000 0.108977 1.062944 1.295661 1.246549 1.080687 0.816414 0.601068 0.405478 0.919273 0.903777 0.748574 0.560601 0.533014 0.599791 0.545860 0.478077 0.405385 0.603853 0.812785 0.376721 0.568285 0.869512 1.150400 0.748049 1.073048 1.344406 0.884517 1.200010 1.041848
 66.000000 0.122695 1.083475 1.258358 1.192434 1.049599 0.816356 0.582283 0.396256 0.887899 0.875481 0.741645 0.599827 0.542682 0.595837 0.530231 0.471616 0.453448 0.613636 0.795613 0.468168 0.669562 0.921034 1.169058 0.739983 1.036292 1.270067 0.836920 1.104071 0.991463
 67.000000 0.103219 1.056089 1.253909 1.163227 1.056569 0.773854 0.572616 0.401563 0.891979 0.866979 0.766060 0.582402 0.586590 0.661653 0.531376 0.520573 0.466492 0.668996 0.846307 0.440833 0.616726 0.911893 1.174219 0.742355 1.068250 1.313551 0.858839 1.126542 1.025117
 68.000000 0.105672 1.032410 1.223345 1.162312 1.045081 0.786938 0.568361 0.394070 0.874840 0.864898 0.759450 0.591980 0.558093 0.614156 0.528484 0.511378 0.449139 0.616994 0.789152 0.476623 0.644293 0.909617 1.148820 0.719552 1.027256 1.266450 0.837622 1.113501 1.012009
 69.000000 0.095518 1.032881 1.247518 1.156239 1.046971 0.754349 0.524021 0.397766 0.893079 0.859499 0.752113 0.548161 0.521785 0.603504 0.519001 0.501843 0.411911 0.611184 0.751602 0.460950 0.609511 0.893469 1.101315 0.729253 1.058751 1.239594 0.858153 1.053964 0.970500
 70.000000 0.095275 1.029282 1.236317 1.176268 1.068015 0.784874 0.569541 0.413897 0.890235 0.884565 0.779748 0.578916 0.536417 0.601600 0.547258 0.521633 0.423681 0.591276 0.756515 0.445341 0.597866 0.862448 1.106453 0.712681 1.021329 1.244542 0.839480 1.079907 0.992801
 71.000000 0.086968 1.077087 1.275491 1.176293 1.076093 0.810691 0.592582 0.417635 0.911900 0.866894 0.769679 0.589521 0.558828 0.620130 0.516478 0.481739 0.433252 0.622323 0.822191 0.415692 0.607908 0.898620 1.165208 0.731669 1.047148 1.301459 0.818921 1.100675 1.024031
 72.000000 0.098545 1.030140 1.239448 1.148990 1.038459 0.762765 0.570215 0.407902 0.867628 0.839160 0.740194 0.559316 0.569061 0.622602 0.512124 0.496987 0.433592 0.636350 0.789589 0.395861 0.582521 0.871109 1.114851 0.706193 1.030415 1.260832 0.833348 1.071433 0.982899
 73.000000 0.089805 1.071002 1.278263 1.183826 1.025426 0.776416 0.566174 0.410417 0.892476 0.859558 0.724687 0.581996 0.579276 0.626990 0.537088 0.477617 0.475014 0.672028 0.820763 0.421790 0.639627 0.918934 1.149226 0.752128 1.075320 1.288430 0.871304 1.096738 0.960036
 74.000000 0.099777 1.043932 1.205467 1.125132 1.000067 0.759066 0.554160 0.407078 0.863890 0.837572 0.717472 0.591206 0.561888 0.619201 0.527402 0.517318 0.534489 0.704928 0.819747 0.514391 0.737126 0.979866 1.173749 0.789971 1.093370 1.263787 0.890585 1.078166 0.948859
 75.000000 0.090182 1.062579 1.225536 1.156123 1.060869 0.800054 0.580638 0.396772 0.887889 0.877768 0.773333 0.613923 0.576459 0.608775 0.536506 0.507903 0.461119 0.622500 0.744965 0.456922 0.650279 0.918982 1.119288 0.743858 1.043721 1.209935 0.837526 1.041934 0.971067
 76.000000 0.102236 1.095509 1.271216 1.193676 1.069766 0.797405 0.570290 0.404466 0.885046 0.868459 0.765686 0.602106 0.572162 0.622980 0.532475 0.502715 0.486155 0.660766 0.810808 0.429045 0.640901 0.910404 1.143388 0.764054 1.066483 1.259867 0.872006 1.088829 0.977222
 77.000000 0.112453 1.075546 1.288175 1.209400 1.094048 0.829087 0.606784 0.369975 0.890747 0.863827 0.771310 0.593975 0.563552 0.569806 0.537865 0.525982 0.466998 0.641760 0.779141 0.460122 0.630179 0.898540 1.118699 0.743746 1.058644 1.275384 0.853432 1.106188 0.995037
 78.000000 0.117153 1.079216 1.273557 1.218714 1.106370 0.829239 0.588268 0.394965 0.885937 0.884559 0.785614 0.592929 0.529693 0.583306 0.539403 0.498697 0.435859 0.595776 0.788776 0.411989 0.599234 0.856891 1.134328 0.709651 1.012590 1.268087 0.845637 1.113232 1.023956
 79.000000 0.123684 1.057257 1.299282 1.250881 1.065008 0.848578 0.624114 0.407005 0.890508 0.868032 0.711640 0.566269 0.528370 0.564469 0.542204 0.466809 0.431932 0.615842 0.789821 0.464429 0.651447 0.907843 1.142146 0.766659 1.085634 1.327506 0.886265 1.175684 0.989942
 80.000000 0.118568 1.027349 1.242047 1.219060 1.023987 0.807669 0.595014 0.403540 0.840464 0.861380 0.687838 0.560415 0.543663 0.601544 0.567326 0.487753 0.459149 0.633322 0.796663 0.458926 0.653475 0.906506 1.145310 0.716397 1.030259 1.283860 0.862198 1.156874 0.988730
 81.000000 0.129781 1.051816 1.284224 1.254614 1.073301 0.838198 0.620271 0.399066 0.870022 0.875480 0.738266 0.564763 0.529248 0.582688 0.548910 0.484070 0.421870 0.597673 0.816890 0.470221 0.636049 0.884209 1.150724 0.730287 1.034302 1.326925 0.849194 1.191469 1.009149
 82.000000 0.127469 1.038274 1.301367 1.246985 1.028075 0.783507 0.583723 0.374675 0.890864 0.870871 0.702649 0.525729 0.544354 0.568495 0.546463 0.475177 0.407596 0.640577 0.797487 0.454234 0.631103 0.912598 1.131541 0.767745 1.103754 1.341505 0.911458 1.196511 0.979520
 83.000000 0.115276 1.008319 1.248711 1.206284 0.983087 0.805305 0.581468 0.379246 0.859448 0.855254 0.694940 0.586619 0.554353 0.574168 0.531782 0.468659 0.476998 0.648888 0.817989 0.487658 0.691701 0.900164 1.124397 0.745092 1.035756 1.295490 0.855640 1.153811 0.933676
 84.000000 0.129667 1.043223 1.295062 1.246207 1.031040 0.778915 0.554908 0.399170 0.903147 0.896205 0.749498 0.561494 0.550274 0.617976 0.545102 0.482392 0.407027 0.621507 0.837659 0.467081 0.629737 0.904057 1.178314 0.768155 1.095990 1.377050 0.920396 1.237484 1.015619
 85.000000 0.135356 1.017954 1.284624 1.230903 1.030777 0.797941 0.584571 0.426951 0.900706 0.883014 0.727465 0.566850 0.549802 0.627355 0.539083 0.469767 0.419148 0.628298 0.847174 0.447644 0.634037 0.894647 1.168371 0.767933 1.093943 1.382289 0.900720 1.224922 1.013887
 86.000000 0.114484 1.021748 1.275536 1.220798 1.031602 0.799006 0.574796 0.407949 0.882416 0.870484 0.751854 0.582703 0.552535 0.606276 0.522329 0.488131 0.431996 0.616004 0.828289 0.456082 0.622346 0.868023 1.145688 0.746546 1.050819 1.339026 0.860717 1.183596 0.997855
 87.000000 0.117645 1.072273 1.318263 1.256096 1.091339 0.820182 0.609352 0.408383 0.910182 0.888642 0.768635 0.566797 0.552282 0.582328 0.550351 0.509979 0.431780 0.632781 0.808020 0.453377 0.621573 0.893638 1.142950 0.753287 1.076003 1.333824 0.877077 1.167700 1.004973
 88.000000 0.127438 1.086942 1.311060 1.228258 1.049432 0.827792 0.615840 0.410026 0.910133 0.855357 0.726776 0.569995 0.552452 0.593745 0.522776 0.476595 0.475232 0.678347 0.876595 0.466460 0.670757 0.936070 1.196720 0.778443 1.104101 1.375388 0.888372 1.194750 0.992034
 89.000000 0.132269 1.073302 1.280620 1.233502 1.045719 0.810903 0.611388 0.389924 0.881825 0.877316 0.741222 0.582770 0.578591 0.605747 0.534413 0.453776 0.439846 0.639866 0.843958 0.435605 0.651206 0.890686 1.162583 0.716958 1.027963 1.316113 0.862572 1.175956 0.981224
 90.000000 0.124622 1.067640 1.266730 1.214274 1.044538 0.764015 0.566646 0.426557 0.887510 0.879317 0.759682 0.554943 0.560272 0.637352 0.528694 0.485426 0.421143 0.645479 0.857678 0.525383 0.683240 0.955176 1.221343 0.755762 1.083128 1.349935 0.906089 1.195643 1.010125
 91.000000 0.132645 1.064212 1.268161 1.229533 1.054989 0.809966 0.638575 0.523762 0.884790 0.894106 0.751635 0.581705 0.589500 0.686095 0.552665 0.477425 0.411958 0.625785 0.842739 0.447820 0.619749 0.886780 1.175153 0.714655 1.041305 1.321130 0.863717 1.152175 0.954794
 92.000000 0.128891 1.050012 1.257387 1.199542 1.038559 0.771841 0.606973 0.541914 0.872993 0.862490 0.729217 0.535241 0.571234 0.711921 0.530128 0.480863 0.386566 0.629878 0.856442 0.476241 0.615952 0.913243 1.201058 0.713429 1.056580 1.326763 0.864699 1.138844 0.969924
 93.000000 0.116748 1.059450 1.288347 1.255302 1.051061 0.780545 0.634255 0.579570 0.894774 0.911495 0.738633 0.557238 0.610715 0.736899 0.581931 0.484320 0.421263 0.657675 0.860981 0.475491 0.651762 0.945258 1.220734 0.750574 1.084423 1.349037 0.904254 1.172354 0.981632
 94.000000 0.104240 1.021536 1.247762 1.209162 1.027279 0.770898 0.600339 0.520499 0.873758 0.871729 0.704084 0.535249 0.550685 0.667588 0.550177 0.469517 0.407938 0.623025 0.812308 0.474052 0.654646 0.926483 1.174871 0.743286 1.067404 1.305786 0.885344 1.139351 0.973893
 95.000000 0.113596 1.055833 1.249336 1.219328 1.034361 0.794182 0.622321 0.570507 0.871416 0.880770 0.713550 0.552802 0.552397 0.700223 0.546583 0.466643 0.402206 0.607143 0.837791 0.517300 0.680646 0.938715 1.217905 0.709613 1.023097 1.297875 0.844932 1.127298 0.959327
 96.000000 0.107716 1.065999 1.272576 1.232628 1.046142 0.802410 0.629493 0.571585 0.878249 0.890411 0.732138 0.573398 0.599740 0.728781 0.567700 0.483894 0.422783 0.643644 0.853589 0.432629 0.616740 0.906990 1.186241 0.721312 1.059602 1.313181 0.876276 1.132534 0.958851
 97.000000 0.129426 1.051595 1.250916 1.283443 1.090517 0.839439 0.656590 0.571828 0.853622 0.917785 0.748181 0.566612 0.566114 0.703029 0.596747 0.497702 0.404351 0.613567 0.856874 0.448927 0.623218 0.896302 1.206905 0.687581 1.024763 1.329003 0.897023 1.217715 1.020121
 98.000000 0.127684 1.055367 1.248489 1.232285 1.058141 0.804764 0.612802 0.501262 0.861837 0.884607 0.726815 0.547893 0.524052 0.643060 0.551346 0.480715 0.394210 0.589874 0.802907 0.436713 0.604022 0.856190 1.145629 0.714524 1.023226 1.281841 0.848664 1.128109 0.957518
 99.000000 0.113539 1.057773 1.236301 1.197522 1.074421 0.807845 0.612962 0.515542 0.846078 0.850692 0.735643 0.552246 0.540364 0.656527 0.521725 0.474015 0.406134 0.603283 0.802578 0.445389 0.622293 0.892118 1.157157 0.723295 1.035698 1.266683 0.849102 1.088815 0.978382
 100.000000 0.117335 1.054869 1.246052 1.219650 1.102417 0.800287 0.616046 0.537766 0.877666 0.891625 0.778792 0.544632 0.538804 0.673394 0.549285 0.507714 0.394649 0.615232 0.834211 0.412066 0.568643 0.868586 1.164503 0.707008 1.044053 1.304795 0.882485 1.138103 1.016105
 101.000000 0.099815 1.041743 1.251703 1.182248 1.041960 0.779365 0.572539 0.489235 0.888450 0.874760 0.759191 0.583692 0.561207 0.674329 0.529682 0.499796 0.437513 0.628263 0.829466 0.446744 0.623464 0.887773 1.165893 0.734143 1.049845 1.299960 0.856362 1.109180 0.982185
 102.000000 0.096846 1.060852 1.271247 1.171293 1.049321 0.792276 0.577081 0.442642 0.877899 0.827901 0.723170 0.559546 0.543118 0.614549 0.519792 0.497083 0.453273 0.637164 0.789429 0.414592 0.624024 0.896964 1.139465 0.741771 1.060810 1.276952 0.843542 1.070868 0.983773
 103.000000 0.096065 1.070447 1.271943 1.224244 1.043111 0.819762 0.618645 0.514132 0.880066 0.886380 0.736079 0.609806 0.593044 0.667810 0.573468 0.521540 0.501807 0.673255 0.822020 0.442579 0.653594 0.909885 1.151468 0.745667 1.052984 1.270042 0.861675 1.096558 0.945726
 104.000000 0.094086 1.081086 1.298139 1.209733 1.023347 0.794538 0.585805 0.465191 0.912538 0.868094 0.729719 0.574871 0.560301 0.629443 0.537020 0.477856 0.463744 0.661818 0.855861 0.452238 0.658989 0.922675 1.191632 0.756701 1.077648 1.332384 0.865260 1.135844 0.966856
 105.000000 0.097838 1.068636 1.252907 1.170135 1.041574 0.779864 0.564998 0.407745 0.864302 0.845537 0.759770 0.597478 0.580469 0.618539 0.534018 0.534796 0.507185 0.685932 0.820595 0.551563 0.720557 0.960543 1.170003 0.768629 1.074928 1.272178 0.866145 1.082390 0.952352
 106.000000 0.078120 1.097509 1.295372 1.204740 1.051095 0.803276 0.555725 0.407762 0.896801 0.860153 0.735412 0.576313 0.533481 0.581812 0.544090 0.482800 0.478706 0.661731 0.822850 0.467582 0.670883 0.935283 1.160472 0.746047 1.067675 1.278519 0.861019 1.087408 0.972440
 107.000000 0.078569 1.062482 1.264352 1.174403 1.047512 0.778254 0.530519 0.386514 0.874962 0.841210 0.750139 0.568950 0.524975 0.569369 0.509966 0.481596 0.430374 0.607393 0.765119 0.424605 0.614110 0.878629 1.113134 0.728553 1.038546 1.242143 0.841517 1.063228 0.973021
 108.000000 0.080465 1.029333 1.242109 1.202345 1.038056 0.773284 0.546863 0.407092 0.892091 0.906233 0.743078 0.565625 0.528945 0.617715 0.564229 0.497394 0.410382 0.594305 0.765012 0.448163 0.607805 0.884025 1.127171 0.712795 1.037790 1.268122 0.871939 1.125895 0.987998
 109.000000 0.087017 1.055890 1.198992 1.146381 1.046917 0.787523 0.560124 0.407477 0.873466 0.865501 0.747697 0.578457 0.530144 0.602962 0.527700 0.491130 0.440867 0.613030 0.760616 0.469927 0.658230 0.933445 1.142112 0.729679 1.038415 1.214233 0.848992 1.057898 0.980062
 110.000000 0.075858 1.092917 1.274618 1.206282 1.075902 0.809126 0.590928 0.407675 0.874443 0.856314 0.740050 0.566143 0.550983 0.596542 0.528991 0.482263 0.452292 0.656295 0.814034 0.472082 0.669941 0.944944 1.169090 0.738239 1.065599 1.276107 0.868373 1.105530 0.995468
 111.000000 0.086752 1.078300 1.245133 1.182551 1.055265 0.787675 0.571307 0.418646 0.894167 0.895055 0.764074 0.593249 0.555414 0.657012 0.552541 0.488333 0.449386 0.638009 0.866768 0.478553 0.668888 0.933454 1.221184 0.710292 1.035949 1.323795 0.862375 1.158778 1.023973
 112.000000 0.103651 1.084718 1.307287 1.157818 1.038365 0.799886 0.596461 0.407838 0.926026 0.837879 0.754600 0.631706 0.630708 0.640458 0.525546 0.519278 0.551549 0.742617 0.869857 0.458113 0.691461 0.963508 1.180235 0.785616 1.114205 1.330784 0.868636 1.093465 0.974952
 113.000000 0.085427 1.056168 1.286154 1.222671 1.077161 0.818260 0.584603 0.375099 0.887744 0.873673 0.765929 0.597121 0.547155 0.576486 0.541033 0.524958 0.479341 0.635811 0.794018 0.486719 0.662786 0.894348 1.133071 0.754666 1.050587 1.297124 0.868581 1.139629 1.003028
 114.000000 0.087795 1.073987 1.309493 1.216042 1.051529 0.806583 0.584388 0.411453 0.920480 0.881750 0.737478 0.588801 0.580875 0.623088 0.541440 0.479998 0.462529 0.674999 0.829224 0.452032 0.654754 0.948719 1.175232 0.752714 1.101512 1.332170 0.893946 1.141780 1.004818
 115.000000 0.083502 1.076557 1.278753 1.182685 1.055240 0.791776 0.540310 0.400314 0.876066 0.829363 0.741533 0.561103 0.531374 0.561149 0.529410 0.509323 0.468896 0.659219 0.783664 0.463667 0.649915 0.925561 1.128615 0.734046 1.069389 1.250665 0.868713 1.057843 0.961344
 116.000000 0.088658 1.079522 1.272139 1.225704 1.026481 0.785652 0.572767 0.411678 0.880343 0.885816 0.708894 0.561402 0.551372 0.581988 0.554595 0.462123 0.448954 0.654390 0.783948 0.496268 0.693893 0.959444 1.150047 0.732844 1.057795 1.250673 0.880508 1.103405 0.939763
 117.000000 0.088768 1.060724 1.260481 1.225240 1.041490 0.781671 0.554167 0.395645 0.900139 0.920823 0.753514 0.590887 0.554132 0.646262 0.581726 0.499919 0.426108 0.601847 0.813672 0.448114 0.623546 0.891409 1.169626 0.711851 1.029548 1.307317 0.867210 1.179800 1.003172
 118.000000 0.084377 1.097584 1.284975 1.211007 1.025069 0.809201 0.591737 0.403064 0.876009 0.842304 0.707609 0.566033 0.561205 0.591664 0.507395 0.463445 0.455253 0.671550 0.840228 0.522619 0.713819 0.991888 1.212183 0.764352 1.096013 1.323358 0.878887 1.156947 0.981178
 119.000000 0.079010 1.078680 1.285785 1.237043 1.078533 0.835061 0.590815 0.385442 0.890144 0.893571 0.758129 0.591065 0.534076 0.579962 0.559065 0.488522 0.418085 0.586254 0.781130 0.475040 0.635736 0.892209 1.141152 0.703929 1.022164 1.279095 0.834994 1.133858 0.997151
 120.000000 0.098948 1.024648 1.267958 1.270478 1.102346 0.825763 0.626870 0.414849 0.857554 0.881028 0.755131 0.527436 0.514204 0.530515 0.555016 0.502053 0.383520 0.587239 0.750603 0.479930 0.599262 0.864480 1.085827 0.708458 1.028732 1.264388 0.881091 1.160965 0.989026
 121.000000 0.104174 1.076605 1.271049 1.243575 1.068890 0.810491 0.610851 0.409487 0.865423 0.872549 0.729311 0.549969 0.539783 0.607746 0.524300 0.450565 0.407174 0.618479 0.839053 0.495920 0.669962 0.927797 1.190748 0.747469 1.062884 1.337493 0.901329 1.209225 1.001186
 122.000000 0.101929 1.075524 1.276633 1.216676 1.039465 0.829700 0.625814 0.416946 0.901181 0.885835 0.717747 0.606124 0.575510 0.595960 0.538758 0.445080 0.459359 0.647225 0.799277 0.486429 0.710069 0.961585 1.171456 0.766001 1.084509 1.300286 0.877384 1.131789 0.960869
 123.000000 0.084869 1.064526 1.289527 1.196983 1.035809 0.775652 0.574063 0.384314 0.892056 0.849463 0.707792 0.540007 0.549145 0.580468 0.533784 0.485537 0.414246 0.622766 0.750882 0.446482 0.635404 0.921079 1.125183 0.738661 1.070192 1.279408 0.856644 1.099067 0.965703
 124.000000 0.095680 1.066347 1.229493 1.165614 0.996066 0.753424 0.559670 0.405351 0.851808 0.846371 0.701041 0.568093 0.577566 0.634905 0.526987 0.480349 0.477082 0.686249 0.826615 0.527338 0.725601 0.989327 1.195129 0.758275 1.082116 1.283164 0.896049 1.116696 0.942202
 125.000000 0.111770 1.018346 1.249974 1.189798 1.003302 0.777805 0.595553 0.399909 0.856397 0.834748 0.686189 0.553810 0.581075 0.624693 0.531414 0.496948 0.470076 0.687374 0.840515 0.496940 0.689300 0.965262 1.181196 0.782955 1.114957 1.353862 0.907310 1.193439 0.997698
 126.000000 0.108972 1.023372 1.224858 1.152123 1.011476 0.782265 0.601578 0.406546 0.869453 0.835203 0.716837 0.575839 0.556712 0.611845 0.505525 0.497794 0.474060 0.660154 0.840777 0.503292 0.682715 0.921295 1.173044 0.774417 1.075365 1.327217 0.861292 1.151265 0.975973
 127.000000 0.123858 1.068804 1.271343 1.248598 1.084547 0.814737 0.625428 0.413399 0.885064 0.909684 0.764799 0.580153 0.568066 0.595723 0.562298 0.495322 0.414608 0.619289 0.777487 0.415065 0.596332 0.866703 1.113238 0.727065 1.050272 1.281272 0.885932 1.151598 0.973189
 128.000000 0.119150 1.034476 1.214986 1.191319 1.054253 0.787365 0.602496 0.399829 0.884584 0.898549 0.754383 0.577532 0.556591 0.590182 0.549344 0.465683 0.410204 0.611785 0.766057 0.433533 0.628356 0.907851 1.127560 0.743604 1.069341 1.267001 0.906362 1.141795 0.986858
 129.000000 0.093525 1.038941 1.221034 1.175956 1.069314 0.776314 0.582653 0.425315 0.897522 0.896043 0.761247 0.551955 0.518711 0.607200 0.554924 0.509523 0.422531 0.611781 0.763009 0.448751 0.619683 0.896053 1.125168 0.726905 1.048276 1.246067 0.883564 1.094164 0.982411
 130.000000 0.092945 1.031389 1.231853 1.176750 1.057160 0.819129 0.605063 0.422018 0.866724 0.859189 0.748870 0.605589 0.562863 0.614006 0.528101 0.514849 0.470214 0.625407 0.780616 0.438384 0.630295 0.881532 1.123619 0.739726 1.040247 1.270467 0.855690 1.110830 0.986364
 131.000000 0.085251 1.045288 1.221480 1.158792 1.057098 0.792842 0.580785 0.399669 0.851903 0.839508 0.744092 0.578984 0.552990 0.616152 0.512812 0.512417 0.461197 0.633344 0.782630 0.470201 0.654767 0.916856 1.146216 0.752409 1.057211 1.268332 0.870504 1.105577 0.995979
 132.000000 0.093161 1.005717 1.177107 1.132722 1.005527 0.737394 0.548655 0.410186 0.873406 0.865426 0.706960 0.529241 0.507386 0.605600 0.541311 0.454540 0.413470 0.591860 0.733605 0.480991 0.679743 0.936542 1.126398 0.757112 1.054148 1.213899 0.877509 1.063880 0.956579
 133.000000 0.098377 0.990176 1.176872 1.106816 0.998279 0.742946 0.547744 0.407402 0.859620 0.821755 0.681522 0.526221 0.517111 0.610140 0.505866 0.482664 0.451573 0.634566 0.753687 0.484297 0.688172 0.954611 1.134448 0.776428 1.084908 1.246681 0.881945 1.073629 0.978261
 134.000000 0.100403 1.016196 1.200567 1.141216 1.042418 0.771755 0.567337 0.422293 0.876575 0.856640 0.724861 0.549777 0.510021 0.594550 0.537336 0.514016 0.449536 0.615268 0.726982 0.407098 0.610650 0.880334 1.081541 0.738496 1.047927 1.210202 0.867893 1.045595 0.955858
 135.000000 0.103881 1.025160 1.175985 1.114635 1.019205 0.767724 0.565690 0.390148 0.858138 0.854194 0.724444 0.573262 0.553043 0.618064 0.526807 0.468303 0.417702 0.605775 0.748682 0.465541 0.655517 0.935787 1.137161 0.703792 1.030122 1.213049 0.840985 1.049385 0.975932
 136.000000 0.085864 1.033267 1.236553 1.166747 1.053674 0.786573 0.568502 0.403699 0.901283 0.878704 0.744226 0.567044 0.522764 0.617973 0.541610 0.502922 0.442133 0.598633 0.777674 0.433892 0.611853 0.874994 1.127091 0.734320 1.029848 1.263232 0.837507 1.096871 1.007986
 137.000000 0.091157 1.027972 1.238458 1.160067 1.021475 0.790760 0.564817 0.406878 0.870302 0.840048 0.687663 0.560376 0.527196 0.617406 0.525448 0.475368 0.443314 0.608955 0.759888 0.438001 0.635358 0.895451 1.119546 0.730011 1.039946 1.246948 0.835416 1.074630 0.983071
 138.000000 0.064546 1.065671 1.243534 1.188986 1.068155 0.773123 0.575843 0.412387 0.861989 0.866382 0.763796 0.561236 0.570079 0.649804 0.531552 0.514764 0.432327 0.627758 0.825814 0.534350 0.681734 0.957851 1.208044 0.725560 1.033908 1.294874 0.847135 1.141100 1.046359
 139.000000 0.070393 1.047101 1.235486 1.155600 0.999227 0.812494 0.564915 0.387015 0.870207 0.847972 0.709646 0.627291 0.568824 0.620204 0.509710 0.467459 0.464152 0.606399 0.781779 0.493119 0.693902 0.934401 1.161979 0.734984 1.030319 1.267725 0.815655 1.102567 0.986484
 140.000000 0.080243 1.052488 1.228466 1.203410 1.062150 0.804688 0.579792 0.399147 0.866303 0.884324 0.759060 0.593791 0.557085 0.589545 0.549505 0.511420 0.450285 0.602601 0.732847 0.494465 0.660857 0.919808 1.115745 0.742848 1.029818 1.206518 0.866365 1.098101 0.986715
 141.000000 0.103221 1.010933 1.205697 1.149911 1.007310 0.761680 0.549719 0.386169 0.897143 0.885245 0.713348 0.551242 0.541581 0.572126 0.553715 0.467179 0.422793 0.582642 0.678386 0.435740 0.622928 0.907314 1.057192 0.723427 1.011627 1.152635 0.823303 1.021688 0.956922
 142.000000 0.103035 1.041584 1.200523 1.122746 1.022804 0.787539 0.542810 0.378100 0.885789 0.844070 0.724914 0.589229 0.511224 0.581897 0.513866 0.501940 0.472853 0.597632 0.727089 0.540071 0.718946 0.941786 1.117374 0.754762 1.025214 1.183088 0.815291 1.025637 0.965097
 143.000000 0.127163 1.010447 1.184927 1.118194 1.020135 0.773588 0.521600 0.341445 0.871299 0.856006 0.734088 0.588240 0.500949 0.555058 0.524812 0.511523 0.474226 0.584514 0.682496 0.483914 0.663768 0.882206 1.050208 0.744621 1.008014 1.147678 0.821235 1.001713 0.946329
 144.000000 0.116786 1.064978 1.225273 1.183203 1.050510 0.750652 0.535168 0.407169 0.882096 0.883497 0.737002 0.521521 0.499957 0.577831 0.528439 0.469735 0.403286 0.611031 0.729778 0.459798 0.644755 0.932597 1.112715 0.741317 1.055929 1.193615 0.886726 1.052655 0.962416
 145.000000 0.142634 1.043446 1.195767 1.157122 1.042201 0.748033 0.510301 0.369728 0.895570 0.900210 0.746866 0.537189 0.482365 0.559287 0.554276 0.483970 0.403016 0.597541 0.687651 0.391749 0.580438 0.883926 1.043777 0.707819 1.035960 1.129169 0.880804 1.005130 0.937031
 146.000000 0.117514 1.053460 1.208113 1.158212 1.019122 0.758114 0.527516 0.403845 0.887281 0.890965 0.735754 0.578228 0.542221 0.628926 0.544467 0.480292 0.435515 0.606444 0.745834 0.435214 0.638523 0.919978 1.124564 0.740798 1.043794 1.206343 0.866787 1.062411 0.964808
 147.000000 0.112106 1.042602 1.192834 1.157551 1.012529 0.731851 0.505859 0.387998 0.875100 0.892095 0.733502 0.546954 0.533086 0.613883 0.554543 0.458288 0.395880 0.614120 0.765732 0.422146 0.602411 0.915355 1.112789 0.717268 1.046993 1.191891 0.876122 1.065809 0.968952
 148.000000 0.116571 1.023422 1.204544 1.137282 0.984687 0.710978 0.485302 0.389103 0.896608 0.877399 0.706713 0.540999 0.505009 0.623122 0.545492 0.485238 0.425702 0.605368 0.737984 0.421754 0.618492 0.895360 1.101629 0.748820 1.056741 1.210045 0.866843 1.057393 0.951479
 149.000000 0.121652 1.031369 1.187970 1.145214 0.992589 0.728744 0.500644 0.398213 0.881962 0.892522 0.720697 0.562263 0.544353 0.632852 0.560642 0.463185 0.423606 0.613959 0.750957 0.462971 0.646356 0.932993 1.109462 0.732946 1.040205 1.173768 0.858757 1.045387 0.953633
 150.000000 0.108996 1.025338 1.222732 1.184689 1.075618 0.777764 0.529229 0.412115 0.882259 0.909405 0.799853 0.588479 0.527175 0.603218 0.565601 0.526610 0.414070 0.568844 0.714622 0.437371 0.582788 0.852422 1.072977 0.705029 1.013254 1.195870 0.851719 1.049906 0.977462
 151.000000 0.108767 1.034567 1.194397 1.148887 0.986527 0.738817 0.524659 0.411593 0.857858 0.868007 0.695872 0.558078 0.544063 0.631156 0.555085 0.486283 0.455652 0.650328 0.778120 0.475718 0.675806 0.952122 1.149643 0.711672 1.041683 1.215776 0.871505 1.071197 0.954646
 152.000000 0.119671 1.013219 1.181039 1.096666 0.982433 0.708868 0.498810 0.386915 0.877264 0.848073 0.704933 0.534651 0.508197 0.616764 0.528641 0.485924 0.420978 0.609062 0.729648 0.416047 0.596913 0.875562 1.074458 0.706668 1.023665 1.162992 0.826754 0.990715 0.920821
 153.000000 0.129050 1.053142 1.200356 1.130853 1.053689 0.758628 0.533812 0.405912 0.900998 0.896356 0.794965 0.584653 0.534690 0.616898 0.546981 0.504606 0.422708 0.600513 0.746164 0.431465 0.601444 0.887114 1.097071 0.708162 1.020614 1.174150 0.841315 1.002921 0.951744
 154.000000 0.130663 1.050199 1.228633 1.146249 1.029192 0.775590 0.557006 0.406569 0.894549 0.882485 0.736670 0.585251 0.553616 0.634459 0.552152 0.484679 0.428788 0.598434 0.755961 0.371896 0.573558 0.858665 1.102176 0.684449 1.001003 1.211482 0.807883 1.030486 0.962923
 155.000000 0.117104 1.090578 1.294101 1.213090 1.006315 0.785955 0.553293 0.406938 0.913869 0.898573 0.720283 0.623512 0.595414 0.641874 0.563294 0.479215 0.500065 0.673205 0.805602 0.463243 0.696081 0.957395 1.165678 0.777848 1.094471 1.290419 0.902564 1.120025 0.946944
 156.000000 0.110832 1.063708 1.274928 1.169852 1.017284 0.766805 0.532291 0.407223 0.890888 0.854411 0.751796 0.588835 0.570489 0.630874 0.516480 0.513550 0.465969 0.661815 0.830984 0.474533 0.647336 0.920917 1.166828 0.735355 1.059203 1.298353 0.838795 1.099946 0.989057
 157.000000 0.124394 1.097335 1.303684 1.199239 1.006009 0.755925 0.552965 0.384988 0.897430 0.836232 0.688757 0.523048 0.538221 0.592735 0.512486 0.472051 0.473195 0.697980 0.870745 0.532661 0.728296 1.002248 1.224779 0.788348 1.111545 1.354337 0.880582 1.158939 0.989052
 158.000000 0.134289 1.042811 1.273966 1.196912 0.980780 0.794872 0.562015 0.384109 0.901464 0.885137 0.695146 0.608753 0.580415 0.605826 0.557972 0.453265 0.438879 0.618709 0.765947 0.504717 0.699257 0.961338 1.153771 0.741923 1.074367 1.303493 0.859432 1.139082 0.965769
 159.000000 0.106665 1.046495 1.269521 1.206051 1.002458 0.793480 0.556177 0.408850 0.869262 0.857871 0.692032 0.589986 0.559047 0.633245 0.531600 0.444245 0.450271 0.628903 0.811201 0.510245 0.720514 0.953114 1.182801 0.768339 1.080576 1.323638 0.894428 1.160684 0.966482
 160.000000 0.110785 1.077146 1.274523 1.235742 1.069341 0.815564 0.594090 0.395974 0.866592 0.865632 0.751277 0.563981 0.540553 0.572530 0.522084 0.480426 0.425588 0.625222 0.810889 0.525113 0.677525 0.928699 1.167807 0.717693 1.034071 1.289010 0.870241 1.152486 0.983427
 161.000000 0.118743 1.004227 1.222732 1.201899 0.987865 0.765064 0.562742 0.426950 0.838861 0.864922 0.697496 0.544233 0.550709 0.614946 0.543588 0.477300 0.416097 0.629789 0.811799 0.501747 0.665553 0.933966 1.166427 0.709219 1.038135 1.298821 0.867187 1.166917 0.993103
 162.000000 0.121162 1.050689 1.268717 1.252481 1.070243 0.823773 0.591593 0.415504 0.865005 0.888370 0.759951 0.574498 0.533124 0.603174 0.535817 0.493181 0.413808 0.601641 0.824729 0.490814 0.644967 0.877321 1.161632 0.708584 1.012540 1.313196 0.863144 1.188009 1.005375
 163.000000 0.120977 1.085614 1.295531 1.225104 1.044293 0.804345 0.605483 0.402363 0.895802 0.860369 0.719115 0.544540 0.549874 0.597572 0.516849 0.460237 0.412907 0.646544 0.845921 0.468814 0.652337 0.940345 1.199474 0.735361 1.077595 1.351028 0.879876 1.185135 0.999752
 164.000000 0.111408 1.065379 1.277640 1.198075 1.053067 0.770677 0.565649 0.398470 0.871561 0.858655 0.751742 0.565868 0.570158 0.655583 0.546344 0.528445 0.460199 0.658154 0.855443 0.460982 0.636390 0.890689 1.171446 0.723171 1.037737 1.323074 0.854297 1.145425 0.997292
 165.000000 0.111734 1.051305 1.274983 1.253765 1.076994 0.826566 0.634366 0.489391 0.873839 0.890596 0.751027 0.569347 0.563141 0.634503 0.542759 0.470742 0.400947 0.607814 0.814552 0.434936 0.605519 0.869787 1.143541 0.702175 1.023144 1.298789 0.868111 1.156714 0.977030
 166.000000 0.103253 1.061727 1.287596 1.231017 1.029930 0.799859 0.612763 0.564420 0.892533 0.876282 0.704881 0.550503 0.564126 0.706496 0.544368 0.467520 0.410972 0.632434 0.856051 0.464061 0.645153 0.938120 1.221505 0.742237 1.077496 1.347662 0.868964 1.161639 0.998295
 167.000000 0.136641 1.017862 1.257040 1.247759 1.056482 0.863471 0.709243 0.719436 0.860501 0.878887 0.718518 0.587567 0.608012 0.806221 0.541576 0.463182 0.413804 0.636825 0.932486 0.453726 0.635721 0.909843 1.252372 0.707064 1.044202 1.387605 0.855413 1.200269 1.008195
 168.000000 0.129500 1.069726 1.301185 1.296862 1.098728 0.877625 0.752923 0.757162 0.902528 0.920931 0.746661 0.586290 0.622507 0.760196 0.574653 0.465695 0.413327 0.644864 0.852267 0.437976 0.623383 0.912004 1.183429 0.719411 1.056076 1.297015 0.888899 1.111690 0.933807
 169.000000 0.136732 1.058050 1.288544 1.268355 1.089907 0.880209 0.756534 0.818365 0.882599 0.886201 0.743774 0.596188 0.642824 0.821816 0.543803 0.477238 0.432260 0.666645 0.899799 0.457442 0.654014 0.939149 1.233254 0.722274 1.058201 1.325002 0.866994 1.106929 0.956437
 170.000000 0.142878 1.032726 1.259017 1.243354 1.100739 0.858881 0.725946 0.751855 0.863874 0.876691 0.755672 0.578854 0.609879 0.805600 0.529810 0.496614 0.407963 0.634017 0.904955 0.477266 0.629097 0.907025 1.229909 0.715685 1.043329 1.352798 0.848147 1.145725 0.985101
 171.000000 0.143738 1.039395 1.292724 1.234274 1.079579 0.817274 0.664698 0.693051 0.876640 0.859841 0.750680 0.567933 0.617357 0.810023 0.523066 0.504185 0.423748 0.662068 0.914105 0.448498 0.616839 0.899761 1.220753 0.738821 1.070714 1.376047 0.874458 1.152910 0.995560
 172.000000 0.123914 0.981807 1.217066 1.174558 1.007220 0.775191 0.625445 0.604685 0.833252 0.826345 0.684943 0.530967 0.563075 0.718889 0.506428 0.473005 0.404004 0.634767 0.844104 0.503430 0.652051 0.910515 1.179517 0.710507 1.032714 1.299308 0.855174 1.110586 0.932768
 173.000000 0.117926 1.027029 1.246375 1.190098 1.041455 0.776800 0.601862 0.513914 0.855997 0.838535 0.700630 0.525885 0.547093 0.684227 0.521665 0.481069 0.414897 0.632858 0.847868 0.478214 0.655236 0.929903 1.202254 0.737264 1.062792 1.334400 0.866005 1.150738 1.007726
 174.000000 0.119073 0.999179 1.221116 1.181567 1.043863 0.763652 0.622731 0.542770 0.878879 0.873107 0.716022 0.516318 0.542767 0.675323 0.567830 0.497559 0.403860 0.615177 0.807824 0.444130 0.613733 0.900995 1.162443 0.725658 1.050536 1.299588 0.857461 1.116544 0.989248
 175.000000 0.120715 1.054365 1.254606 1.261238 1.072389 0.785823 0.617157 0.518074 0.888130 0.918110 0.732458 0.522825 0.535182 0.669811 0.582937 0.481667 0.387726 0.603204 0.829435 0.435196 0.614305 0.910102 1.197541 0.735709 1.056637 1.326352 0.911535 1.211703 1.032645
 176.000000 0.114225 1.043650 1.218889 1.194509 1.043273 0.770628 0.622532 0.505690 0.874912 0.874666 0.715957 0.524555 0.548929 0.660447 0.554459 0.496316 0.407816 0.632961 0.818795 0.471285 0.635655 0.933457 1.187283 0.741831 1.071461 1.300639 0.881762 1.144903 0.984934
 177.000000 0.110574 1.062372 1.248488 1.166736 1.060582 0.783924 0.628383 0.492134 0.898007 0.870775 0.751471 0.564400 0.563789 0.658172 0.535860 0.508030 0.435084 0.644324 0.808930 0.442544 0.617289 0.894664 1.144563 0.744279 1.070988 1.287790 0.875188 1.086775 0.943642
 178.000000 0.118578 1.010108 1.199210 1.122588 1.026955 0.782517 0.603078 0.458192 0.862824 0.841139 0.733874 0.588413 0.543656 0.631647 0.511710 0.481448 0.448425 0.612327 0.779918 0.404970 0.605968 0.836612 1.094748 0.727492 1.027045 1.248633 0.856841 1.067389 0.932036
 179.000000 0.108389 1.017571 1.224113 1.172095 1.057857 0.799869 0.629605 0.420107 0.890033 0.892743 0.756261 0.584521 0.563697 0.593523 0.554296 0.491182 0.416976 0.608259 0.739004 0.384724 0.569206 0.848420 1.077333 0.710179 1.042792 1.256928 0.884003 1.107091 0.961487
 180.000000 0.103181 1.059762 1.229185 1.162161 1.045289 0.782464 0.591940 0.407300 0.882727 0.871969 0.745868 0.579609 0.552157 0.618842 0.536738 0.496610 0.450857 0.636187 0.810060 0.436217 0.636668 0.900939 1.159139 0.735543 1.050234 1.287936 0.868669 1.118951 0.984252
 181.000000 0.111177 1.031512 1.239664 1.175430 1.009985 0.770033 0.568205 0.396708 0.862298 0.843817 0.703798 0.556364 0.542083 0.599893 0.511673 0.481239 0.430157 0.630798 0.788023 0.449415 0.636476 0.893165 1.126533 0.752814 1.064892 1.283802 0.861215 1.118040 0.952275
 182.000000 0.107754 1.043140 1.248294 1.214994 1.034582 0.781617 0.570757 0.412910 0.873948 0.893308 0.721575 0.553741 0.555208 0.635755 0.570002 0.481619 0.397004 0.604747 0.792781 0.418108 0.588320 0.896036 1.154427 0.705720 1.045339 1.295131 0.864337 1.159694 1.014641
 183.000000 0.115355 1.039501 1.253642 1.250751 1.045500 0.790061 0.576298 0.416420 0.875102 0.924960 0.754412 0.560182 0.544461 0.602811 0.589727 0.497642 0.394003 0.602953 0.796655 0.461180 0.609567 0.882758 1.146751 0.675384 1.008935 1.284203 0.862925 1.171811 0.994585
 184.000000 0.116723 1.047427 1.264107 1.216622 1.017082 0.790152 0.580463 0.409312 0.889771 0.897721 0.717757 0.584113 0.562580 0.642386 0.545679 0.448700 0.418142 0.618167 0.835893 0.462012 0.650034 0.911555 1.182221 0.743860 1.065215 1.344837 0.879191 1.189887 0.985511
 185.000000 0.140250 1.061248 1.290490 1.251884 1.031667 0.794696 0.613533 0.420485 0.873576 0.883873 0.709917 0.556678 0.579768 0.641205 0.558947 0.467706 0.432519 0.652053 0.853338 0.487098 0.674012 0.919909 1.177599 0.747037 1.062230 1.346605 0.886181 1.200819 0.962118
 186.000000 0.130536 1.045258 1.285381 1.221195 1.035373 0.784579 0.603955 0.420240 0.881554 0.849917 0.714992 0.540538 0.574199 0.612362 0.512851 0.453768 0.428382 0.671042 0.850672 0.496599 0.672198 0.957677 1.184816 0.777486 1.115087 1.362866 0.911564 1.191104 0.992099
 187.000000 0.107420 1.098631 1.310827 1.221255 1.090546 0.804859 0.576210 0.392043 0.910448 0.869058 0.776876 0.562790 0.527084 0.585871 0.529919 0.499598 0.423383 0.611313 0.819023 0.444005 0.614278 0.882559 1.163165 0.719986 1.035038 1.312644 0.842138 1.129391 1.008361
 188.000000 0.121988 1.047981 1.245427 1.154856 1.050573 0.783739 0.572033 0.395187 0.886324 0.862800 0.770617 0.597234 0.552759 0.611571 0.528740 0.503940 0.447793 0.619664 0.796882 0.439507 0.615674 0.859303 1.116396 0.727803 1.036694 1.273739 0.834171 1.079745 0.956910
 189.000000 0.113837 1.069560 1.256671 1.204212 1.069486 0.798744 0.587365 0.428872 0.872181 0.870601 0.747796 0.570255 0.554775 0.645916 0.530860 0.492725 0.449503 0.661722 0.866171 0.438585 0.637665 0.916120 1.193102 0.743496 1.076977 1.340150 0.896471 1.177343 1.026019
 190.000000 0.129997 1.040433 1.229140 1.170306 1.056755 0.775861 0.575727 0.410440 0.880082 0.883431 0.758726 0.570957 0.523784 0.634450 0.545005 0.496577 0.431805 0.607638 0.824482 0.382878 0.569414 0.825989 1.130680 0.723201 1.032138 1.308634 0.876431 1.152659 1.000669
 191.000000 0.111630 1.074032 1.238340 1.193163 1.077867 0.811208 0.597370 0.405323 0.865197 0.873378 0.752459 0.572889 0.531657 0.594768 0.527675 0.479368 0.419733 0.607567 0.791797 0.453675 0.635289 0.895673 1.147397 0.710116 1.023989 1.259987 0.847599 1.104158 0.987268
 192.000000 0.102009 1.064095 1.268383 1.204563 1.045407 0.786084 0.587214 0.409793 0.889861 0.878915 0.722219 0.560571 0.565432 0.630290 0.553623 0.469593 0.431994 0.643457 0.822187 0.452590 0.654055 0.945346 1.184841 0.744057 1.079611 1.322459 0.885208 1.154833 1.010947
 193.000000 0.117810 1.077740 1.303097 1.223323 1.066329 0.798599 0.588716 0.400917 0.912525 0.882602 0.744158 0.562529 0.543269 0.613803 0.536518 0.487688 0.429353 0.638631 0.829539 0.463965 0.639524 0.909098 1.171657 0.756042 1.086452 1.346957 0.896230 1.170612 0.994356
 194.000000 0.123984 1.037055 1.251784 1.200739 1.030579 0.798346 0.605956 0.416311 0.857254 0.847853 0.699360 0.557598 0.551401 0.621234 0.528384 0.478322 0.443857 0.647411 0.834396 0.497802 0.681881 0.928936 1.176822 0.740590 1.059653 1.329120 0.878804 1.174565 0.981934
 195.000000 0.116833 1.047831 1.278752 1.222041 1.056055 0.817484 0.602011 0.423764 0.879925 0.863808 0.725201 0.567822 0.546672 0.637657 0.524703 0.467266 0.414210 0.614180 0.847536 0.464627 0.639656 0.904595 1.186245 0.742308 1.067070 1.365123 0.871691 1.203674 1.020558
 196.000000 0.110119 1.064915 1.275166 1.209260 1.015677 0.805390 0.602096 0.401295 0.906413 0.886240 0.701610 0.592632 0.555310 0.601807 0.540449 0.448175 0.437322 0.616547 0.787356 0.499853 0.697903 0.940867 1.163826 0.761982 1.070365 1.305643 0.866327 1.138867 0.947522
 197.000000 0.119995 1.047890 1.280219 1.219568 1.022549 0.757501 0.568906 0.404490 0.881413 0.869002 0.698775 0.522381 0.555643 0.614622 0.551584 0.482574 0.411705 0.650531 0.799763 0.500823 0.661803 0.953105 1.162413 0.746189 1.090932 1.316896 0.900261 1.156894 0.968486
 198.000000 0.127286 1.056450 1.288549 1.243461 1.025481 0.821727 0.622949 0.377981 0.897978 0.886665 0.680294 0.575206 0.563742 0.586880 0.562067 0.463627 0.449982 0.645347 0.789905 0.524835 0.714630 0.975740 1.166453 0.776933 1.102025 1.330780 0.905589 1.191402 0.967004
 199.000000 0.111099 1.043180 1.273468 1.218542 1.036369 0.813346 0.588436 0.386455 0.881572 0.871116 0.722776 0.578775 0.545009 0.575189 0.542758 0.482429 0.438801 0.620702 0.783765 0.501830 0.670167 0.920063 1.134711 0.736680 1.054737 1.296395 0.864219 1.142143 0.961710
 200.000000 0.121907 1.000552 1.198137 1.148874 0.954508 0.744284 0.566386 0.391479 0.851940 0.834538 0.641492 0.539214 0.548446 0.619950 0.539842 0.461373 0.449220 0.643344 0.795656 0.530348 0.718477 0.977779 1.175099 0.766036 1.079451 1.299587 0.875499 1.151539 0.958209
 201.000000 0.108720 1.065798 1.274575 1.234085 1.054039 0.832951 0.588560 0.398972 0.872573 0.879091 0.725024 0.589535 0.530787 0.591437 0.548635 0.472424 0.442925 0.601172 0.794614 0.453696 0.642274 0.886854 1.140872 0.735606 1.035867 1.285901 0.850177 1.145059 0.984821
 202.000000 0.107701 1.091758 1.282671 1.215896 1.051257 0.783244 0.581258 0.398601 0.884227 0.862152 0.721683 0.541376 0.548785 0.605638 0.542336 0.493797 0.436919 0.653516 0.814103 0.491871 0.668044 0.953008 1.181909 0.753135 1.083515 1.301392 0.877738 1.140907 0.987348
 203.000000 0.106181 1.043218 1.265261 1.201984 1.012179 0.793640 0.552086 0.388707 0.861302 0.843095 0.699925 0.556906 0.522846 0.556542 0.527433 0.481472 0.449626 0.633138 0.774975 0.433938 0.627286 0.879073 1.108616 0.719840 1.036639 1.257739 0.855375 1.102267 0.948537
 204.000000 0.098252 1.072000 1.282356 1.200860 1.057529 0.801990 0.567730 0.398734 0.876344 0.846463 0.735707 0.563639 0.537710 0.588750 0.518762 0.489734 0.442752 0.636467 0.803463 0.473560 0.652697 0.916901 1.152100 0.721012 1.045375 1.281219 0.848154 1.102812 0.988806
 205.000000 0.106348 1.061715 1.252553 1.214114 0.997987 0.789595 0.563924 0.404385 0.853462 0.859124 0.665161 0.556905 0.537845 0.605508 0.543706 0.442916 0.449259 0.639899 0.804747 0.512162 0.721120 0.973549 1.183048 0.751049 1.067269 1.289514 0.885555 1.150795 0.961185
 206.000000 0.109244 1.043949 1.277412 1.253812 1.051862 0.845177 0.616764 0.419636 0.883826 0.901193 0.725251 0.602712 0.544858 0.587770 0.574604 0.492675 0.430442 0.575235 0.744336 0.500634 0.667727 0.895123 1.120768 0.737501 1.032825 1.277017 0.853886 1.150327 0.965366
 207.000000 0.114368 1.041031 1.248907 1.202632 1.011048 0.777321 0.586816 0.419486 0.871072 0.865733 0.682141 0.539573 0.544337 0.629025 0.548892 0.470451 0.409229 0.614717 0.799475 0.517872 0.674077 0.947261 1.177611 0.730400 1.053765 1.304171 0.855892 1.153057 0.979130
 208.000000 0.127170 1.029363 1.222355 1.162001 0.948466 0.751868 0.560590 0.408875 0.840272 0.816090 0.613268 0.521622 0.531658 0.650669 0.520197 0.436847 0.438389 0.645182 0.865588 0.541190 0.734613 0.989187 1.237742 0.749442 1.065817 1.351822 0.856223 1.189592 0.984173
 209.000000 0.119009 1.036481 1.250835 1.185581 1.019937 0.766056 0.561815 0.405252 0.909688 0.886557 0.710385 0.552553 0.517553 0.609933 0.544712 0.454494 0.406981 0.609438 0.789159 0.473568 0.655218 0.923079 1.155089 0.749095 1.079284 1.303211 0.885342 1.134890 0.973897
 210.000000 0.118310 1.050253 1.225707 1.172404 0.968459 0.775272 0.586835 0.422801 0.856062 0.851252 0.657421 0.574816 0.568919 0.658241 0.547090 0.448674 0.473049 0.664804 0.863347 0.546646 0.752150 0.999246 1.241332 0.756241 1.073185 1.340578 0.867618 1.175570 0.964528
 211.000000 0.109870 1.006357 1.208348 1.157980 0.977330 0.740023 0.556575 0.427614 0.854069 0.838793 0.664937 0.526100 0.528544 0.627443 0.527661 0.464895 0.423731 0.637535 0.805321 0.529868 0.701551 0.963951 1.178144 0.751651 1.074521 1.300564 0.875699 1.139734 0.962884
 212.000000 0.112926 1.063692 1.250776 1.236771 1.036940 0.809962 0.597783 0.401005 0.846589 0.871824 0.701677 0.554818 0.547607 0.600899 0.551378 0.466459 0.431887 0.639440 0.820751 0.524499 0.699615 0.964975 1.191075 0.714394 1.046280 1.298217 0.889830 1.183439 0.985398
 213.000000 0.120327 1.059809 1.265199 1.245921 1.024439 0.781109 0.573842 0.415526 0.871065 0.903593 0.707495 0.556790 0.543959 0.620719 0.586941 0.471803 0.424670 0.618137 0.797488 0.461721 0.649003 0.902727 1.152444 0.723926 1.042022 1.289824 0.893307 1.165136 0.948799
 214.000000 0.117948 1.055257 1.290081 1.263303 1.069685 0.809574 0.603371 0.415792 0.882636 0.899193 0.734854 0.552919 0.545278 0.611047 0.568738 0.485283 0.397053 0.602406 0.797194 0.489570 0.644507 0.911296 1.160883 0.724511 1.051655 1.324582 0.889017 1.193265 1.002126
 215.000000 0.117756 1.009949 1.255727 1.188595 1.010077 0.790837 0.593395 0.400261 0.850543 0.835096 0.681714 0.565008 0.569400 0.600281 0.549191 0.501362 0.471770 0.650997 0.762673 0.492848 0.677127 0.924856 1.113629 0.747292 1.060409 1.275513 0.855516 1.107327 0.958647
 216.000000 0.107923 1.019941 1.260054 1.204987 1.073880 0.797867 0.582849 0.401816 0.870705 0.860936 0.753418 0.565735 0.539937 0.590102 0.540112 0.533090 0.440057 0.610387 0.752131 0.506411 0.645526 0.895012 1.105828 0.746616 1.053660 1.275608 0.868480 1.120848 0.991982
 217.000000 0.094130 1.054951 1.250450 1.157986 1.064015 0.790498 0.561479 0.402631 0.872439 0.838002 0.749939 0.576244 0.551588 0.630930 0.518033 0.505768 0.468748 0.647445 0.822099 0.448287 0.638831 0.915660 1.163295 0.745864 1.060721 1.292204 0.851251 1.101195 1.024038
 218.000000 0.095762 1.074000 1.282749 1.209303 1.062390 0.786006 0.587997 0.400451 0.892533 0.867217 0.730937 0.541269 0.540987 0.588291 0.536227 0.467746 0.420269 0.625305 0.790364 0.380425 0.588801 0.883356 1.134643 0.736166 1.057246 1.290240 0.870501 1.119103 0.994161
 219.000000 0.109477 1.038131 1.228764 1.201198 1.052516 0.782544 0.581122 0.401409 0.846348 0.872895 0.738098 0.570131 0.565373 0.601423 0.550242 0.498888 0.451587 0.644857 0.764158 0.446197 0.637209 0.906025 1.113905 0.740828 1.057796 1.242941 0.895420 1.109082 0.970771
 220.000000 0.117793 1.031862 1.199234 1.136912 1.026394 0.754620 0.573875 0.401242 0.853178 0.845122 0.720406 0.552997 0.569435 0.639616 0.536128 0.493270 0.449326 0.638110 0.783214 0.461988 0.658545 0.940601 1.158892 0.752263 1.060949 1.262545 0.865199 1.097798 0.991773
 221.000000 0.100768 1.038356 1.209466 1.193522 1.060794 0.788671 0.594122 0.380051 0.879339 0.918579 0.762561 0.576710 0.559119 0.571167 0.577747 0.479313 0.415322 0.613135 0.735975 0.415390 0.600060 0.892787 1.089519 0.700802 1.027596 1.203112 0.874181 1.082985 0.969806
 222.000000 0.086668 1.049696 1.276668 1.254484 1.081028 0.829704 0.604855 0.412842 0.872971 0.892570 0.736761 0.562664 0.529182 0.579820 0.569192 0.491052 0.413139 0.591376 0.763488 0.441904 0.610014 0.876384 1.116716 0.705205 1.026302 1.270138 0.867581 1.145347 0.998540
 223.000000 0.108191 1.066625 1.284401 1.222581 1.046254 0.836227 0.599211 0.388947 0.873837 0.845114 0.716989 0.583366 0.534678 0.578175 0.503734 0.471488 0.462749 0.635404 0.827250 0.497433 0.693881 0.926137 1.173535 0.773901 1.071963 1.330450 0.871661 1.171739 0.989671
 224.000000 0.102111 1.090916 1.287450 1.208563 1.033752 0.829784 0.585770 0.393460 0.887115 0.843428 0.725256 0.589443 0.534485 0.537910 0.528252 0.487564 0.502651 0.665434 0.816090 0.461600 0.674404 0.915629 1.147406 0.747668 1.051702 1.277221 0.851588 1.102185 0.947331
 225.000000 0.118272 1.073833 1.275130 1.210770 1.086391 0.830475 0.610894 0.406649 0.873417 0.856682 0.769928 0.591641 0.562735 0.592092 0.514194 0.488724 0.442604 0.631974 0.818858 0.428177 0.612587 0.882205 1.146362 0.726378 1.040758 1.293799 0.841895 1.125098 1.010933
 226.000000 0.096097 1.037431 1.269939 1.177324 1.018430 0.778052 0.556226 0.408966 0.883648 0.843641 0.724388 0.585058 0.568933 0.628351 0.529221 0.512619 0.492317 0.671954 0.822059 0.438141 0.641485 0.907608 1.147662 0.772522 1.089785 1.318384 0.883936 1.130578 0.980101
 227.000000 0.101458 1.012841 1.214253 1.097888 0.948709 0.677050 0.464689 0.377462 0.890946 0.843562 0.685137 0.533368 0.520569 0.629529 0.528948 0.472613 0.463735 0.656265 0.794176 0.446354 0.666040 0.933570 1.141499 0.774271 1.091393 1.272035 0.879514 1.060926 0.937934
 228.000000 0.104733 1.027178 1.205064 1.118386 0.952727 0.734983 0.521630 0.407287 0.852892 0.821456 0.649077 0.546901 0.518858 0.626818 0.501166 0.436412 0.449547 0.646398 0.808832 0.470739 0.696591 0.943558 1.169549 0.736544 1.056413 1.269755 0.858814 1.079423 0.933928
 229.000000 0.100734 1.070525 1.298162 1.224733 1.024999 0.797167 0.577113 0.396371 0.899088 0.871406 0.709465 0.573336 0.556328 0.617978 0.541639 0.473936 0.458283 0.652977 0.834793 0.499898 0.687996 0.949470 1.189966 0.774297 1.096516 1.351556 0.899437 1.184477 0.981703
 230.000000 0.099536 1.055781 1.284248 1.208366 1.079389 0.814607 0.582458 0.427487 0.899448 0.880251 0.798322 0.620694 0.580754 0.615127 0.547430 0.543153 0.488400 0.654175 0.807371 0.461609 0.632867 0.886614 1.129756 0.738608 1.051041 1.287579 0.860618 1.104111 0.986288
 231.000000 0.109713 1.065958 1.282161 1.182958 1.012132 0.830171 0.590277 0.391284 0.900799 0.863554 0.743620 0.664764 0.602960 0.605647 0.532836 0.504473 0.536815 0.669519 0.805244 0.458624 0.684016 0.909875 1.135077 0.789078 1.074966 1.292148 0.845999 1.098525 0.935081
 232.000000 0.091095 1.018839 1.235184 1.140948 0.985580 0.717563 0.542526 0.400456 0.883529 0.845593 0.698249 0.542718 0.577698 0.636838 0.536616 0.488503 0.462314 0.684198 0.807390 0.452879 0.663949 0.958612 1.161609 0.768274 1.106103 1.303944 0.893805 1.115093 0.980306
 233.000000 0.085981 1.030290 1.236763 1.174302 1.041804 0.760248 0.544390 0.395380 0.888959 0.871459 0.735096 0.545689 0.521014 0.597691 0.529506 0.493507 0.422716 0.608988 0.759583 0.463229 0.641085 0.915615 1.129359 0.755384 1.067193 1.266641 0.878643 1.107496 1.001206
 234.000000 0.095507 1.012314 1.225295 1.136670 0.961159 0.696657 0.515655 0.413226 0.867899 0.842756 0.674878 0.530271 0.549380 0.653212 0.537146 0.500797 0.482916 0.692402 0.814594 0.458646 0.656169 0.922977 1.134782 0.765743 1.083189 1.272262 0.888475 1.083468 0.925488
 235.000000 0.105043 0.998544 1.186259 1.148187 1.015308 0.737380 0.535615 0.389534 0.857719 0.881181 0.737658 0.546968 0.523273 0.593660 0.550820 0.495409 0.417228 0.614210 0.748787 0.408955 0.579920 0.858877 1.084576 0.689499 1.016474 1.215653 0.864713 1.069698 0.955343
 236.000000 0.109662 1.042070 1.247807 1.152013 1.007339 0.781877 0.561789 0.393239 0.860289 0.828454 0.695633 0.587741 0.570907 0.628905 0.519409 0.486790 0.500102 0.682443 0.816382 0.443615 0.665482 0.922600 1.141798 0.753894 1.075170 1.285451 0.877141 1.093173 0.952221
 237.000000 0.107437 1.045790 1.237318 1.165259 1.062052 0.777238 0.564208 0.398767 0.876114 0.863925 0.764882 0.566541 0.547396 0.613137 0.525522 0.494360 0.425522 0.631566 0.809524 0.419300 0.599389 0.887302 1.145252 0.711731 1.045545 1.285183 0.858923 1.107794 1.012022
 238.000000 0.101633 1.058643 1.267098 1.190090 1.070020 0.813015 0.586076 0.405216 0.867173 0.839318 0.737330 0.568179 0.537523 0.620260 0.512808 0.494380 0.445730 0.626995 0.830346 0.429977 0.616555 0.882450 1.163129 0.716587 1.033106 1.308893 0.838988 1.134797 1.026695
 239.000000 0.106249 1.062602 1.262010 1.190925 1.048813 0.811902 0.600098 0.412781 0.896237 0.888326 0.752465 0.620953 0.580351 0.616167 0.564449 0.507546 0.479578 0.640238 0.780193 0.432171 0.646245 0.894463 1.126481 0.729779 1.043277 1.265604 0.859070 1.091909 0.953987
 240.000000 0.109891 1.021314 1.238647 1.177158 1.048347 0.746505 0.549346 0.443513 0.888390 0.887654 0.763324 0.563264 0.545020 0.643210 0.558693 0.525215 0.430976 0.614682 0.764672 0.445936 0.613651 0.873128 1.105563 0.732955 1.043157 1.246281 0.868273 1.075145 0.968188
 241.000000 0.110582 1.046869 1.271653 1.207884 1.038466 0.808518 0.567210 0.380317 0.870135 0.859289 0.710295 0.584544 0.551532 0.581385 0.536263 0.472263 0.462774 0.642322 0.769799 0.380844 0.603952 0.873088 1.090184 0.737758 1.061658 1.259961 0.884866 1.105219 0.959384
 242.000000 0.095679 1.033376 1.204414 1.145062 1.016196 0.765334 0.576368 0.419820 0.853354 0.860224 0.735380 0.598325 0.602483 0.682700 0.545052 0.507191 0.480006 0.660140 0.834243 0.488748 0.681171 0.950575 1.195744 0.758844 1.066245 1.302119 0.872123 1.135088 1.007765
 243.000000 0.093755 1.029678 1.223377 1.170251 0.996277 0.774719 0.553899 0.388168 0.876427 0.885117 0.726062 0.621202 0.588493 0.629976 0.554948 0.487787 0.477553 0.641709 0.771509 0.435357 0.649949 0.908573 1.121029 0.752763 1.060098 1.251113 0.868855 1.104264 0.950990
 244.000000 0.095163 1.064698 1.256960 1.220259 1.067148 0.795066 0.588832 0.414738 0.868592 0.882948 0.757392 0.577314 0.567456 0.605105 0.540517 0.480961 0.425707 0.623962 0.775227 0.435233 0.621033 0.900153 1.127918 0.756774 1.072252 1.273018 0.900693 1.128551 0.973261
 245.000000 0.097154 1.055631 1.247268 1.196015 1.083988 0.778153 0.586783 0.402622 0.873894 0.880061 0.771070 0.551433 0.563452 0.612505 0.547883 0.516320 0.410854 0.621184 0.766231 0.451294 0.604707 0.904843 1.130044 0.710134 1.042440 1.256897 0.869493 1.105052 1.003450
 246.000000 0.081071 1.049507 1.258804 1.207069 1.054063 0.822640 0.588898 0.408667 0.868798 0.865691 0.731991 0.597588 0.540991 0.585278 0.547302 0.506915 0.453131 0.605321 0.735784 0.498859 0.673389 0.901571 1.105763 0.734283 1.038015 1.236002 0.856842 1.085342 0.946989
 247.000000 0.100134 1.029416 1.202584 1.151435 1.031453 0.752954 0.550522 0.405510 0.876329 0.871356 0.736423 0.547210 0.529744 0.611652 0.541285 0.483499 0.415147 0.614217 0.764155 0.471560 0.652471 0.939265 1.150304 0.739326 1.068221 1.258527 0.889821 1.101990 0.985054
 248.000000 0.129298 1.016173 1.164731 1.112916 1.044933 0.790851 0.592147 0.405278 0.874195 0.880956 0.782859 0.605698 0.537536 0.587855 0.531778 0.503942 0.454469 0.608188 0.751798 0.430985 0.606327 0.860785 1.090961 0.726009 1.024348 1.212164 0.872581 1.058764 0.950975
 249.000000 0.100131 1.028922 1.203858 1.114458 1.022116 0.746628 0.537072 0.391112 0.879702 0.840526 0.726781 0.552907 0.534657 0.635552 0.522980 0.505266 0.455187 0.638039 0.795748 0.419196 0.621679 0.909555 1.149029 0.763364 1.077582 1.275870 0.862171 1.088436 1.003426
 250.000000 0.100602 1.009050 1.211324 1.149590 1.008963 0.752786 0.532118 0.392429 0.888694 0.874907 0.716695 0.548859 0.489632 0.586003 0.551582 0.496580 0.435901 0.610341 0.758224 0.443750 0.617706 0.877555 1.103853 0.712257 1.033880 1.240421 0.861512 1.078014 0.949598
 251.000000 0.097504 1.071831 1.257139 1.188133 1.043449 0.770336 0.556800 0.406216 0.888012 0.879629 0.744461 0.562688 0.547001 0.637070 0.541099 0.474527 0.411639 0.615805 0.822808 0.417941 0.611461 0.893847 1.172100 0.712851 1.040159 1.299636 0.851501 1.129368 0.998688
 252.000000 0.103611 1.037322 1.243333 1.229726 1.067058 0.797128 0.595812 0.415201 0.849877 0.885011 0.738855 0.555556 0.538068 0.614980 0.549349 0.486029 0.401590 0.596465 0.789930 0.428272 0.598059 0.852325 1.123895 0.694073 1.008011 1.275375 0.874836 1.158489 0.990886
 253.000000 0.094664 1.039802 1.245712 1.174701 1.031584 0.810247 0.613265 0.402847 0.867356 0.851597 0.723773 0.606787 0.597508 0.616166 0.526542 0.483803 0.486407 0.672265 0.811113 0.447676 0.663288 0.923220 1.143341 0.745567 1.063918 1.286619 0.864667 1.114703 0.972194
 254.000000 0.107242 1.076625 1.232825 1.175790 1.077736 0.806199 0.567683 0.395833 0.878720 0.891626 0.794941 0.618126 0.548980 0.630249 0.544674 0.517011 0.446659 0.595566 0.790043 0.418469 0.597611 0.851638 1.132682 0.696752 0.997998 1.243629 0.833785 1.086801 0.987065
 255.000000 0.097369 1.066140 1.258192 1.155173 1.066577 0.783404 0.578796 0.421785 0.877806 0.831335 0.762987 0.577428 0.569195 0.630934 0.518040 0.524163 0.488953 0.676246 0.849259 0.470289 0.663279 0.936021 1.178830 0.747249 1.059323 1.301472 0.838178 1.094835 1.011489
 256.000000 0.118756 1.001168 1.245524 1.188880 1.033517 0.756481 0.560465 0.418814 0.869207 0.878394 0.744111 0.567466 0.578532 0.643827 0.556785 0.513755 0.445750 0.656639 0.796432 0.411720 0.576953 0.858405 1.089505 0.727281 1.061484 1.279488 0.892179 1.115499 0.962032
 257.000000 0.096331 1.061810 1.257170 1.194571 1.058411 0.777393 0.567028 0.413506 0.873209 0.864998 0.742768 0.555253 0.551915 0.622209 0.541646 0.511319 0.453459 0.646956 0.805364 0.441927 0.627653 0.915080 1.157587 0.736155 1.056103 1.282017 0.870482 1.118165 1.007345
 258.000000 0.107541 1.020468 1.211164 1.141517 1.046021 0.780134 0.566873 0.418638 0.883170 0.874402 0.757538 0.588710 0.558031 0.647310 0.539801 0.511119 0.448928 0.620540 0.792712 0.397099 0.587459 0.870476 1.130755 0.705665 1.025482 1.260395 0.842313 1.088678 1.010621
 259.000000 0.099888 1.043123 1.255827 1.186362 1.042967 0.763758 0.577362 0.407195 0.864290 0.850161 0.730820 0.556590 0.570140 0.635983 0.534425 0.507964 0.480301 0.677981 0.840300 0.437829 0.632828 0.903011 1.152239 0.762417 1.072203 1.312163 0.885823 1.142110 0.994040
 260.000000 0.105906 1.049184 1.292521 1.220490 1.093171 0.795423 0.576761 0.410551 0.893443 0.863553 0.776506 0.548313 0.537603 0.607310 0.530318 0.524418 0.423417 0.630219 0.824234 0.459949 0.592653 0.885384 1.151727 0.744637 1.077031 1.340041 0.880087 1.167448 1.033300
 261.000000 0.119302 1.045026 1.266033 1.213951 1.075802 0.790874 0.584541 0.416472 0.888409 0.891126 0.774790 0.565316 0.542788 0.619569 0.552402 0.519616 0.420021 0.606648 0.806122 0.438698 0.582179 0.853019 1.134852 0.716688 1.029596 1.303266 0.848700 1.142107 1.004768
 262.000000 0.109765 1.061363 1.252156 1.179691 1.058800 0.787857 0.584851 0.421478 0.890145 0.883412 0.773305 0.598245 0.581409 0.658083 0.534752 0.499459 0.440607 0.644064 0.834336 0.439420 0.618368 0.895146 1.166733 0.720943 1.053487 1.304590 0.869439 1.128250 1.000346
 263.000000 0.107115 1.081392 1.282876 1.215614 0.996424 0.808512 0.600466 0.441822 0.875127 0.849176 0.662310 0.559324 0.559947 0.653349 0.520688 0.423266 0.436504 0.654752 0.878423 0.521609 0.717461 0.988505 1.245649 0.750088 1.085111 1.366852 0.871454 1.192030 0.977284
 264.000000 0.106035 1.066025 1.272506 1.217189 1.025637 0.781491 0.591650 0.412394 0.872728 0.864768 0.710112 0.551256 0.573864 0.634590 0.546028 0.483921 0.429204 0.655586 0.835029 0.511354 0.682839 0.965952 1.204595 0.751992 1.089055 1.341047 0.883828 1.183729 0.990707
 265.000000 0.113534 1.090660 1.305147 1.206572 1.028402 0.767608 0.587420 0.406901 0.907989 0.864389 0.700137 0.538746 0.571552 0.628494 0.528849 0.453168 0.407176 0.645508 0.813335 0.493490 0.675254 0.967701 1.185893 0.756583 1.092625 1.321652 0.858986 1.126115 0.969353
 266.000000 0.093482 1.038899 1.215065 1.163056 1.002637 0.756023 0.564430 0.414052 0.853019 0.846801 0.676639 0.537770 0.546071 0.645009 0.536352 0.461306 0.433019 0.642492 0.828799 0.463610 0.671650 0.952686 1.195397 0.728099 1.057751 1.302876 0.870313 1.147269 0.998073
 267.000000 0.108908 1.066606 1.298074 1.268254 1.057767 0.845354 0.620155 0.375159 0.896313 0.897166 0.719724 0.571295 0.518405 0.529433 0.550145 0.463632 0.413759 0.590343 0.768636 0.460476 0.646128 0.890611 1.122810 0.734460 1.040490 1.294420 0.861987 1.173431 0.976806
 268.000000 0.099383 1.070719 1.296681 1.238281 1.027945 0.832444 0.602715 0.396548 0.883433 0.862945 0.690765 0.574315 0.540932 0.554534 0.532755 0.454458 0.431846 0.613646 0.758027 0.465108 0.669416 0.926668 1.129246 0.755934 1.071131 1.284744 0.869259 1.134374 0.952438
 269.000000 0.112975 1.074092 1.282408 1.266009 1.069856 0.804021 0.624836 0.408894 0.883051 0.915793 0.754096 0.564486 0.586060 0.596056 0.563088 0.474626 0.398963 0.632269 0.792079 0.468431 0.630274 0.920585 1.143895 0.730503 1.065175 1.292383 0.892070 1.169002 0.974968
 270.000000 0.125006 1.024457 1.268620 1.259281 1.054715 0.832068 0.653257 0.412590 0.858806 0.870362 0.696564 0.538462 0.546913 0.545507 0.548562 0.468183 0.391071 0.602263 0.745894 0.422779 0.610261 0.890957 1.093601 0.729913 1.056811 1.281998 0.883729 1.171530 0.980592
 271.000000 0.112615 1.048864 1.267383 1.243203 1.058561 0.857733 0.639688 0.408368 0.863049 0.863785 0.704394 0.578922 0.548127 0.555112 0.543407 0.474139 0.440168 0.622415 0.758421 0.531458 0.700490 0.955886 1.132464 0.734248 1.058974 1.269229 0.882415 1.149017 0.966550
 272.000000 0.114267 1.040999 1.232900 1.165120 0.982773 0.763749 0.551759 0.413781 0.878176 0.853391 0.678232 0.576774 0.554451 0.627767 0.542074 0.462832 0.462704 0.644718 0.766420 0.539114 0.742391 0.994028 1.165956 0.792604 1.111422 1.274340 0.906692 1.104814 0.924341
 273.000000 0.113252 1.003261 1.179584 1.116525 1.035032 0.764150 0.553752 0.397180 0.842724 0.830871 0.738619 0.564528 0.528134 0.605138 0.510531 0.515557 0.449887 0.625478 0.768990 0.531798 0.691635 0.936257 1.142017 0.737754 1.047692 1.243545 0.854991 1.071197 0.987814
 274.000000 0.117092 1.041849 1.225073 1.155868 1.049820 0.786568 0.588273 0.413528 0.883166 0.855418 0.737595 0.563299 0.531520 0.598855 0.519629 0.488068 0.441292 0.618811 0.774826 0.486737 0.670187 0.928856 1.148032 0.755473 1.058913 1.263151 0.858337 1.088321 0.984095
 275.000000 0.107416 1.004857 1.211100 1.158403 1.025811 0.764425 0.540977 0.385309 0.887142 0.883937 0.748000 0.575260 0.534972 0.598973 0.560705 0.532695 0.432569 0.602146 0.734302 0.459686 0.610551 0.888824 1.103246 0.720838 1.045158 1.245026 0.854412 1.094612 0.983474
 276.000000 0.108816 1.037752 1.230401 1.167200 1.059546 0.768332 0.582436 0.436316 0.873815 0.854286 0.731554 0.518130 0.529643 0.619592 0.527553 0.500445 0.410903 0.615247 0.765356 0.419231 0.585144 0.890229 1.122891 0.723818 1.045710 1.249829 0.852203 1.078602 0.994201
 277.000000 0.106836 1.038303 1.234210 1.153641 1.054516 0.772359 0.564274 0.411193 0.886230 0.855226 0.738332 0.538577 0.519850 0.612236 0.543776 0.527074 0.440790 0.610303 0.751832 0.469902 0.625378 0.904359 1.125057 0.740200 1.050544 1.252726 0.843901 1.066751 0.979902
 278.000000 0.109017 1.021998 1.208453 1.139191 1.014089 0.729752 0.554317 0.426552 0.882018 0.868850 0.733525 0.541488 0.538216 0.622467 0.531620 0.492354 0.429527 0.643550 0.774951 0.467501 0.639969 0.921528 1.126482 0.753487 1.081410 1.256854 0.900146 1.075890 0.935555
 279.000000 0.107475 1.005022 1.217959 1.126830 1.011020 0.753694 0.573198 0.415041 0.890475 0.865914 0.727411 0.574936 0.566131 0.637376 0.534689 0.486678 0.452790 0.642052 0.777091 0.399413 0.604012 0.880572 1.105419 0.743839 1.064831 1.264890 0.873122 1.071044 0.958492
 280.000000 0.102698 1.064779 1.264762 1.174298 1.066182 0.755778 0.575276 0.402836 0.936826 0.903820 0.775201 0.546953 0.545647 0.620495 0.559644 0.497567 0.407272 0.630068 0.800756 0.430199 0.606392 0.914704 1.157114 0.741700 1.084206 1.307076 0.895306 1.122554 1.003152
 281.000000 0.109219 1.041418 1.244856 1.170379 1.024802 0.763144 0.561750 0.413077 0.865738 0.857310 0.721750 0.561314 0.557386 0.631962 0.533620 0.476744 0.422141 0.625940 0.785874 0.433325 0.620918 0.888883 1.128154 0.720489 1.047094 1.268437 0.863518 1.087372 0.953384
 282.000000 0.116223 1.061783 1.280684 1.221989 1.118233 0.845995 0.632294 0.418104 0.879563 0.869794 0.797385 0.608002 0.576053 0.600424 0.528079 0.508296 0.442903 0.618453 0.796919 0.438323 0.599817 0.855559 1.116682 0.715922 1.026826 1.282396 0.854350 1.122829 1.006513
 283.000000 0.118292 1.085260 1.301439 1.234038 1.058790 0.828904 0.607830 0.417649 0.903119 0.881269 0.741236 0.590934 0.562274 0.622350 0.534464 0.464794 0.424829 0.617258 0.832357 0.450751 0.652989 0.917056 1.197203 0.737492 1.062013 1.349146 0.864184 1.181479 1.015829
 284.000000 0.111225 1.060702 1.268524 1.199265 1.011021 0.782266 0.581213 0.408882 0.905457 0.887638 0.711377 0.579062 0.546296 0.631371 0.562355 0.470659 0.449350 0.624583 0.835422 0.459019 0.652624 0.899910 1.176328 0.754794 1.061908 1.337383 0.855460 1.162272 0.959332
 285.000000 0.119782 1.053830 1.274976 1.221789 1.052143 0.802693 0.599665 0.415463 0.880930 0.874719 0.727625 0.569464 0.541958 0.620532 0.541461 0.471758 0.414346 0.598850 0.799624 0.429372 0.619316 0.862348 1.142102 0.741417 1.048307 1.319552 0.871309 1.163872 0.978110
 286.000000 0.130428 1.043586 1.244387 1.184759 1.062805 0.776065 0.596770 0.428086 0.892163 0.880906 0.754759 0.556242 0.543118 0.616153 0.542529 0.504569 0.399578 0.605507 0.782538 0.391837 0.569010 0.849255 1.111920 0.725185 1.050133 1.288764 0.853481 1.116280 0.976342
 287.000000 0.142604 1.053572 1.237617 1.210787 1.098507 0.805838 0.607785 0.408282 0.847079 0.880782 0.791426 0.582611 0.550993 0.618574 0.539519 0.510035 0.415110 0.595096 0.799735 0.435248 0.579811 0.814043 1.107042 0.699139 0.999059 1.275573 0.868160 1.150354 0.988554
 288.000000 0.136690 1.040473 1.223681 1.178178 1.061081 0.803326 0.599838 0.409002 0.855437 0.869614 0.752582 0.591556 0.549498 0.622613 0.538434 0.494218 0.432690 0.603997 0.789525 0.380660 0.579625 0.830737 1.116179 0.725609 1.031936 1.282610 0.861195 1.125501 0.991243
 289.000000 0.142817 1.030162 1.242127 1.231255 1.079183 0.808779 0.616646 0.404586 0.858038 0.901660 0.765181 0.587022 0.564638 0.618789 0.561744 0.483491 0.412040 0.600211 0.794737 0.398484 0.570228 0.818474 1.098257 0.710330 1.023835 1.293167 0.903326 1.187906 0.995316
 290.000000 0.119768 1.032273 1.238771 1.181776 1.049393 0.760755 0.574935 0.414877 0.875251 0.870193 0.760399 0.553760 0.565803 0.626310 0.526897 0.505086 0.423442 0.644314 0.810698 0.462992 0.609277 0.901410 1.141395 0.735638 1.068040 1.297705 0.893015 1.139491 0.981508
 291.000000 0.122444 1.053839 1.239943 1.183127 1.060457 0.785064 0.575836 0.396024 0.889853 0.891374 0.770885 0.593563 0.565639 0.606901 0.533614 0.476722 0.426700 0.622453 0.773101 0.437856 0.633762 0.908495 1.130911 0.743093 1.065800 1.265109 0.887226 1.106040 0.980956
 292.000000 0.142601 1.041186 1.234791 1.200075 1.081321 0.809347 0.612648 0.416074 0.869511 0.881179 0.769015 0.585291 0.563325 0.602020 0.543334 0.511373 0.425933 0.607588 0.746071 0.426818 0.595889 0.870877 1.099148 0.749047 1.063284 1.263189 0.897903 1.122740 0.974926
 293.000000 0.148761 1.036435 1.260662 1.216835 1.035351 0.808806 0.602323 0.397361 0.871495 0.881103 0.722003 0.587728 0.565883 0.611050 0.544318 0.469484 0.420702 0.608251 0.790997 0.453158 0.634689 0.883297 1.125834 0.721985 1.039162 1.303028 0.870062 1.162172 0.954719
 294.000000 0.151764 1.044025 1.251021 1.212088 1.049996 0.800141 0.636262 0.430397 0.866279 0.877998 0.748534 0.590382 0.617348 0.641258 0.532545 0.494177 0.449277 0.679841 0.842399 0.503732 0.678814 0.949164 1.173999 0.739597 1.073693 1.319463 0.891831 1.172597 0.981966
 295.000000 0.160853 1.019095 1.231417 1.184946 0.990943 0.773750 0.611874 0.399770 0.847031 0.845165 0.666648 0.550205 0.578821 0.620510 0.531615 0.455372 0.431715 0.654644 0.816777 0.547130 0.725997 0.990166 1.188023 0.731378 1.059299 1.317047 0.876072 1.172079 0.967514
 296.000000 0.133778 1.010486 1.271826 1.210676 1.021555 0.772009 0.586797 0.409930 0.871975 0.853613 0.701139 0.539707 0.558742 0.628189 0.532993 0.486618 0.433175 0.648733 0.830673 0.499919 0.662309 0.924987 1.164191 0.779520 1.099168 1.361531 0.891402 1.193086 0.998718
 297.000000 0.145795 1.041359 1.268663 1.221243 1.039443 0.812826 0.599967 0.394056 0.856983 0.837866 0.683723 0.528239 0.498359 0.569634 0.530774 0.476518 0.414506 0.599524 0.787183 0.572155 0.708797 0.937085 1.159218 0.726898 1.034504 1.299673 0.854132 1.156166 0.977335
 298.000000 0.131076 1.064170 1.276822 1.202329 1.018308 0.762214 0.593334 0.405871 0.879610 0.845712 0.676737 0.523351 0.560585 0.629192 0.530391 0.465316 0.443074 0.666190 0.842439 0.543914 0.737023 1.010276 1.225720 0.769741 1.094114 1.349695 0.891250 1.181022 1.002441
